Residue Number,Minimum Distance
1,31.42
2,26.6
3,29.14
4,28.42
5,24.14
6,25.91
7,27.77
8,24.65
9,22.28
10,25.38
11,25.53
12,22.15
13,22.17
14,24.86
15,23.94
16,18.9
17,22.54
18,20.69
19,17.49
20,18.63
21,16.82
22,18.8
23,18.97
24,21.22
25,21.88
26,24.72
27,22.55
28,27.77
29,29.74
30,28.11
31,26.33
32,25.24
33,23.26
34,23.84
35,21.09
36,20.47
37,20.3
38,21.6
39,18.26
40,16.48
41,12.76
42,9.75
43,6.46
44,4.19
45,0.0
46,4.77
47,5.19
48,2.6
49,8.16
50,10.36
51,9.1
52,10.84
53,13.66
54,15.31
55,14.56
56,17.02
57,19.44
58,19.72
59,20.63
60,23.19
61,25.35
62,26.52
63,24.27
64,19.94
65,21.63
66,19.11
67,22.76
68,20.54
69,21.92
70,17.92
71,20.77
72,16.92
73,18.62
74,18.52
75,17.76
76,14.28
77,13.93
78,9.88
79,8.96
80,6.93
81,10.35
82,10.15
83,12.52
84,12.39
85,15.14
86,17.39
87,17.96
88,19.61
89,22.66
90,22.92
91,20.13
92,15.42
93,17.04
94,15.61
95,15.64
96,13.92
97,11.14
98,10.81
99,11.0
100,8.52
101,6.0
102,8.05
103,9.5
104,7.11
105,3.05
106,6.55
107,4.3
108,8.9
109,9.72
110,6.7
111,9.37
112,12.09
113,11.43
114,10.06
115,14.52
116,16.61
117,14.34
118,17.53
119,14.86
120,13.47
121,16.37
122,17.01
123,11.28
124,15.62
125,18.77
126,16.94
127,14.54
128,19.13
129,22.25
130,18.85
131,22.46
132,17.0
133,20.93
134,17.66
135,13.56
136,12.84
137,9.38
138,13.24
139,10.54
140,9.43
141,3.59
142,8.2
143,10.09
144,6.14
145,4.98
146,10.56
147,12.24
148,15.13
149,18.1
150,19.62
151,16.58
152,16.16
153,13.4
154,10.72
155,12.76
156,12.8
157,16.08
158,16.85
159,18.89
160,17.37
161,11.27
162,16.79
163,19.06
164,16.17
165,13.43
166,18.74
167,20.49
168,15.21
169,15.86
170,21.05
171,22.96
172,24.97
173,21.46
174,18.61
175,23.56
176,24.07
177,22.19
178,19.25
179,19.22
180,19.58
181,16.93
182,13.45
183,16.29
184,16.42
185,12.97
186,11.91
187,15.2
188,14.05
189,9.72
190,12.1
191,8.24
192,11.44
193,13.85
194,14.4
195,11.91
196,15.89
197,14.7
198,18.88
199,21.07
200,20.81
201,25.01
202,27.19
203,26.54
204,23.03
205,19.91
206,16.66
207,14.4
208,10.69
209,4.44
210,4.55
211,5.12
212,5.7
213,8.02
214,10.54
215,14.09
216,13.49
217,10.15
218,8.15
219,8.86
220,10.37
221,10.14
222,13.73
223,16.28
224,19.44
225,22.54
226,26.08
227,28.3
228,25.61
229,24.79
230,22.09
231,23.83
232,20.2
233,17.56
234,15.12
235,14.04
236,12.44
237,10.04
238,12.98
239,14.08
240,16.4
241,16.91
242,19.46
243,17.07
244,16.67
245,10.76
246,16.23
247,18.04
248,12.03
249,12.95
250,17.83
251,18.87
252,13.35
253,18.1
254,20.81
255,19.7
256,20.6
257,22.65
258,24.86
259,21.13
260,23.05
261,27.47
262,28.91
263,23.81
