Residue Number,Minimum Distance
1,35.86
2,32.6
3,30.0
4,25.6
5,26.84
6,28.69
7,26.28
8,22.38
9,25.72
10,26.66
11,21.55
12,21.76
13,25.34
14,25.3
15,21.75
16,20.64
17,19.91
18,17.04
19,17.65
20,16.5
21,18.6
22,18.91
23,21.14
24,22.39
25,25.21
26,24.43
27,28.64
28,30.6
29,28.95
30,26.69
31,26.33
32,23.24
33,23.08
34,20.83
35,20.11
36,20.19
37,21.29
38,17.98
39,16.27
40,12.46
41,9.48
42,6.34
43,4.18
44,0.0
45,4.72
46,5.41
47,2.8
48,8.23
49,10.48
50,9.34
51,11.51
52,13.81
53,15.33
54,14.82
55,17.12
56,19.57
57,20.28
58,20.98
59,23.13
60,23.87
61,26.67
62,24.01
63,20.14
64,21.59
65,18.91
66,22.61
67,20.41
68,21.78
69,17.71
70,20.85
71,16.32
72,18.42
73,18.12
74,17.64
75,13.94
76,13.74
77,9.9
78,8.4
79,6.71
80,9.73
81,9.51
82,12.21
83,11.94
84,14.47
85,16.81
86,17.53
87,18.83
88,22.0
89,22.65
90,19.84
91,14.6
92,16.92
93,15.51
94,15.35
95,13.73
96,11.01
97,10.75
98,10.92
99,8.34
100,5.94
101,7.78
102,9.2
103,6.92
104,3.93
105,6.05
106,4.02
107,8.74
108,9.73
109,6.89
110,9.63
111,12.27
112,11.26
113,10.34
114,14.86
115,16.77
116,15.15
117,17.79
118,15.25
119,13.85
120,16.7
121,17.28
122,11.34
123,15.58
124,18.65
125,16.82
126,14.43
127,18.87
128,21.98
129,18.54
130,22.21
131,16.65
132,20.85
133,17.57
134,13.27
135,12.84
136,9.49
137,13.24
138,10.77
139,9.91
140,4.4
141,8.45
142,10.07
143,6.13
144,4.54
145,9.97
146,11.22
147,14.22
148,17.11
149,18.85
150,16.04
151,15.88
152,13.12
153,10.58
154,12.58
155,12.56
156,15.77
157,16.61
158,18.65
159,17.24
160,11.35
161,16.62
162,18.87
163,15.7
164,13.44
165,18.45
166,20.21
167,15.34
168,15.62
169,20.96
170,22.86
171,24.69
172,21.41
173,18.72
174,23.89
175,24.39
176,22.58
177,19.57
178,19.8
179,20.14
180,17.28
181,13.98
182,16.88
183,16.67
184,13.37
185,12.27
186,15.47
187,14.11
188,9.59
189,11.69
190,7.94
191,11.21
192,13.81
193,14.99
194,8.3
195,14.94
196,14.72
197,18.19
198,20.15
199,19.62
200,24.05
201,24.59
202,25.69
203,22.22
204,20.37
205,16.03
206,14.27
207,10.55
208,4.57
209,4.57
210,4.92
211,5.16
212,7.5
213,10.11
214,13.65
215,13.18
216,9.52
217,10.12
218,8.2
219,10.23
220,10.41
221,13.71
222,16.23
223,18.76
224,19.78
225,25.11
226,27.94
227,30.13
228,27.65
229,26.51
230,23.24
231,20.28
232,18.1
233,15.25
234,15.03
235,12.01
236,10.2
237,12.62
238,13.66
239,15.89
240,17.02
241,19.23
242,16.89
243,16.45
244,13.6
245,16.05
246,17.72
247,11.72
248,12.38
249,17.19
250,17.85
251,13.78
252,17.37
253,20.02
254,18.95
255,19.74
256,22.1
257,24.06
258,21.89
259,24.64
260,27.2
261,28.33
262,25.91
