Residue Number,Minimum Distance
1,30.03
2,25.51
3,27.45
4,29.16
5,26.43
6,22.6
7,26.08
8,26.53
9,21.87
10,22.08
11,25.06
12,23.36
13,20.24
14,21.55
15,20.22
16,17.37
17,17.81
18,16.6
19,18.68
20,18.97
21,21.23
22,22.21
23,25.01
24,24.33
25,28.46
26,30.38
27,28.61
28,26.67
29,24.53
30,23.24
31,23.37
32,21.0
33,20.26
34,20.22
35,21.53
36,18.09
37,16.37
38,12.59
39,9.66
40,6.41
41,4.16
42,0.0
43,4.75
44,5.24
45,2.89
46,8.15
47,10.37
48,9.13
49,11.45
50,13.77
51,15.32
52,14.78
53,17.06
54,19.53
55,20.17
56,21.13
57,23.19
58,24.81
59,26.81
60,24.2
61,20.33
62,21.78
63,19.56
64,23.01
65,20.52
66,21.98
67,17.78
68,20.48
69,16.85
70,18.63
71,18.37
72,17.8
73,14.2
74,13.94
75,9.86
76,8.65
77,7.8
78,10.24
79,10.09
80,12.8
81,12.39
82,15.11
83,17.4
84,18.16
85,19.08
86,22.49
87,22.59
88,20.27
89,15.23
90,17.32
91,15.83
92,15.74
93,14.16
94,11.34
95,10.98
96,11.29
97,8.78
98,6.22
99,8.07
100,9.64
101,7.36
102,3.27
103,6.61
104,4.24
105,8.92
106,9.88
107,6.84
108,9.57
109,12.29
110,11.65
111,10.28
112,14.72
113,16.81
114,14.79
115,17.89
116,15.15
117,13.54
118,16.44
119,17.26
120,11.34
121,15.52
122,18.61
123,17.03
124,14.48
125,18.85
126,22.15
127,18.94
128,22.37
129,16.84
130,20.86
131,17.55
132,13.3
133,12.76
134,9.26
135,13.09
136,10.6
137,9.51
138,4.01
139,8.37
140,9.86
141,5.95
142,4.63
143,10.09
144,11.19
145,14.25
146,17.26
147,19.09
148,16.07
149,15.75
150,13.05
151,10.51
152,12.53
153,12.6
154,15.85
155,16.62
156,18.67
157,17.42
158,11.05
159,16.75
160,19.13
161,16.16
162,13.48
163,18.86
164,20.7
165,16.02
166,15.86
167,21.13
168,23.24
169,25.25
170,22.44
171,18.76
172,23.65
173,24.04
174,22.18
175,19.31
176,19.46
177,20.0
178,17.25
179,13.61
180,16.74
181,16.7
182,13.35
183,11.43
184,15.46
185,14.28
186,9.62
187,12.04
188,8.2
189,11.38
190,13.98
191,15.24
192,8.62
193,15.14
194,14.83
195,18.5
196,20.42
197,19.78
198,24.2
199,24.84
200,26.21
201,22.52
202,20.95
203,16.91
204,14.37
205,10.62
206,4.55
207,4.68
208,5.02
209,5.5
210,7.84
211,10.39
212,13.94
213,13.53
214,9.8
215,10.52
216,8.41
217,10.41
218,10.28
219,13.74
220,16.28
221,19.14
222,20.18
223,25.34
224,28.27
225,30.91
226,27.96
227,26.74
228,23.39
229,20.39
230,17.82
231,15.3
232,14.85
233,12.32
234,10.38
235,12.9
236,13.91
237,16.2
238,17.32
239,19.85
240,18.49
241,17.63
242,14.74
243,17.08
244,18.45
245,13.75
246,12.94
247,17.77
248,18.42
249,14.32
250,17.82
251,20.53
252,19.36
253,20.18
254,22.71
255,24.51
256,22.06
257,24.94
258,27.88
259,28.15
260,26.11
