Residue Number,Minimum Distance
1,27.91
2,29.06
3,27.71
4,23.5
5,25.31
6,26.29
7,23.1
8,21.44
9,24.25
10,23.93
11,20.41
12,21.52
13,23.99
14,22.33
15,17.21
16,21.45
17,18.4
18,17.18
19,16.74
20,16.46
21,18.26
22,18.3
23,20.98
24,21.09
25,24.23
26,21.63
27,26.02
28,27.7
29,25.67
30,25.39
31,24.14
32,25.84
33,23.13
34,23.16
35,20.46
36,19.94
37,19.64
38,20.84
39,17.68
40,15.95
41,12.26
42,9.22
43,6.27
44,4.16
45,0.0
46,4.66
47,5.72
48,3.39
49,8.53
50,10.75
51,10.36
52,12.09
53,14.22
54,15.83
55,15.41
56,16.98
57,20.03
58,19.62
59,21.4
60,23.75
61,25.9
62,26.99
63,24.75
64,21.15
65,22.03
66,18.75
67,22.99
68,21.2
69,22.31
70,19.25
71,21.22
72,17.25
73,18.87
74,18.53
75,17.8
76,14.75
77,14.3
78,10.34
79,8.88
80,6.68
81,10.36
82,10.16
83,12.41
84,12.43
85,15.17
86,17.43
87,17.34
88,18.89
89,23.13
90,23.26
91,20.45
92,15.3
93,17.46
94,15.99
95,15.86
96,14.27
97,11.61
98,11.13
99,11.24
100,8.85
101,6.33
102,8.14
103,9.17
104,6.92
105,4.25
106,6.65
107,4.65
108,9.37
109,10.32
110,7.46
111,10.13
112,12.83
113,11.33
114,12.25
115,15.31
116,17.2
117,15.03
118,18.56
119,15.94
120,14.18
121,17.09
122,18.0
123,12.11
124,16.65
125,19.3
126,17.6
127,14.67
128,20.25
129,22.58
130,18.74
131,22.42
132,16.88
133,20.83
134,17.79
135,14.65
136,13.14
137,9.82
138,13.83
139,11.25
140,10.22
141,4.71
142,9.06
143,10.65
144,6.24
145,4.92
146,10.33
147,11.81
148,14.67
149,17.55
150,19.09
151,16.3
152,15.72
153,13.41
154,10.66
155,12.74
156,12.19
157,15.55
158,16.16
159,18.36
160,17.05
161,11.02
162,16.33
163,18.64
164,16.13
165,13.96
166,18.45
167,20.26
168,15.29
169,16.85
170,21.67
171,23.58
172,25.68
173,20.8
174,19.13
175,23.9
176,24.25
177,22.76
178,19.82
179,19.44
180,19.64
181,17.06
182,14.86
183,16.34
184,16.38
185,13.04
186,12.79
187,15.02
188,12.58
189,10.41
190,11.8
191,7.78
192,10.35
193,13.0
194,13.85
195,10.25
196,14.93
197,14.01
198,17.8
199,19.85
200,19.63
201,23.83
202,26.09
203,25.98
204,22.63
205,19.45
206,16.14
207,14.12
208,10.41
209,4.26
210,4.36
211,4.37
212,4.7
213,6.98
214,9.28
215,12.98
216,12.19
217,9.09
218,7.62
219,8.04
220,9.81
221,9.63
222,13.41
223,16.07
224,19.14
225,22.15
226,25.55
227,27.49
228,24.88
229,24.28
230,21.21
231,23.61
232,19.99
233,16.96
234,14.84
235,13.44
236,11.8
237,9.53
238,12.07
239,12.71
240,15.32
241,16.21
242,18.36
243,16.33
244,15.92
245,10.03
246,15.87
247,17.32
248,10.81
249,12.09
250,16.91
251,17.93
252,12.44
253,17.13
254,19.86
255,18.89
256,19.71
257,21.76
258,23.97
259,21.94
260,22.96
261,26.67
262,28.32
263,23.31
