16.01
17.95
16.96
17.79
15.64
16.03
16.55
16.29
16.37
17.4
15.98
16.11
17.44
16.52
16.64
16.4
16.26
16.44
16.23
16.67
16.42
16.0
15.97
16.08
16.22
16.33
15.87
16.4
16.0
16.44
16.64
16.19
16.95
16.51
16.19
16.89
16.7
17.8
16.16
17.89
16.45
16.84
17.29
17.37
16.26
16.88
16.92
16.34
17.83
16.12
16.4
16.45
16.0
16.33
15.69
16.12
17.22
16.0
15.88
15.37
17.22
16.07
16.42
16.08
17.22
16.04
16.69
15.96
16.35
17.85
17.43
16.49
16.2
16.32
16.5
15.98
16.3
16.78
16.74
15.78
17.58
17.45
17.11
16.7
15.71
18.58
16.85
15.91
15.95
15.97
16.27
17.31
16.38
16.93
16.75
18.74
16.6
16.77
16.6
16.22
16.48
16.14
16.04
16.68
16.34
16.03
16.26
16.24
15.92
16.06
16.49
16.28
16.2
16.51
16.98
15.74
16.31
16.42
16.53
16.28
16.53
16.92
15.92
16.44
16.33
16.23
16.4
16.33
15.73
16.81
15.93
16.61
16.07
16.41
16.55
16.2
16.57
16.49
16.45
16.87
16.08
16.4
16.46
16.98
16.1
16.6
16.94
15.66
17.25
16.42
16.12
17.1
16.15
16.57
16.54
17.85
16.07
17.23
15.63
16.7
15.86
16.1
16.27
15.84
15.75
16.39
16.57
16.21
16.63
16.0
16.05
16.35
17.29
16.28
16.8
16.89
16.61
16.3
15.56
16.65
16.25
16.45
16.45
16.36
16.61
16.6
16.93
16.54
16.46
16.54
17.07
16.35
16.61
17.07
16.7
17.24
16.2
18.82
16.41
16.56
16.81
16.34
16.53
16.74
16.39
16.19
16.75
16.92
16.72
16.82
16.98
16.79
16.15
16.32
17.34
17.12
16.97
16.37
16.26
16.6
16.46
16.37
16.15
16.25
16.53
16.5
17.46
16.07
17.38
18.2
16.36
16.01
16.04
15.93
16.07
16.22
18.56
16.23
17.62
18.0
16.45
18.22
16.61
16.36
16.38
19.17
17.59
16.83
16.57
16.25
18.09
16.61
17.0
17.74
16.57
16.96
16.47
17.0
16.76
16.67
16.48
16.34
17.86
15.94
16.25
16.55
18.38
16.65
15.69
16.19
16.17
16.24
16.64
16.18
16.81
15.91
16.82
17.05
16.57
15.58
18.55
16.18
16.21
17.84
15.99
17.38
16.24
16.44
16.08
16.0
18.25
16.86
16.26
16.44
15.67
16.31
16.37
17.34
16.19
16.19
16.14
18.3
16.13
16.61
15.94
16.31
15.86
15.68
16.15
17.22
16.46
16.13
16.03
16.3
16.43
16.25
17.4
16.02
16.35
16.72
16.79
16.63
16.57
16.25
16.79
16.58
16.69
17.08
16.52
18.27
18.48
16.97
19.44
18.92
18.78
19.03
16.86
17.02
17.16
19.82
17.91
20.15
17.7
18.24
18.45
18.86
18.41
18.33
18.93
16.26
17.09
16.42
16.02
16.62
16.61
16.68
16.25
16.69
16.77
16.6
16.32
15.64
17.08
16.29
16.63
17.4
16.38
16.47
16.64
16.28
16.24
16.5
16.47
16.38
16.25
15.92
16.57
16.73
16.31
17.17
16.23
16.4
16.87
16.39
16.21
16.54
17.87
16.22
16.37
17.35
16.18
16.12
16.28
16.78
16.0
16.94
16.53
16.29
17.17
16.34
16.5
16.18
16.87
17.02
16.64
17.06
16.43
16.92
16.78
16.46
17.03
16.93
16.15
16.59
16.12
15.96
17.17
15.83
16.04
16.47
17.0
16.77
17.47
16.86
17.51
16.71
16.67
16.11
17.37
16.24
17.62
16.68
16.09
16.81
16.78
17.16
16.83
16.28
16.17
16.39
16.14
16.18
16.71
16.12
17.26
16.96
18.61
18.78
20.49
16.04
16.96
16.21
16.75
17.41
17.64
18.8
18.35
16.64
16.41
15.93
16.56
17.59
16.15
16.44
16.58
17.49
16.2
16.05
16.16
16.28
19.74
17.65
16.76
16.76
16.87
18.98
20.08
16.6
17.37
16.84
18.34
18.31
19.64
18.42
19.16
17.81
18.22
20.75
16.38
17.17
16.91
17.12
17.42
17.09
19.07
16.79
16.72
17.82
16.99
17.42
16.84
17.22
17.83
16.87
16.61
17.35
17.0
16.84
17.85
17.59
16.58
17.01
18.0
18.75
16.26
18.06
16.79
16.91
17.08
17.82
19.31
17.37
16.45
18.98
16.84
17.57
18.78
18.25
17.22
18.38
20.3
18.91
17.33
16.29
20.54
16.85
18.96
17.92
19.48
18.91
19.11
17.47
17.41
20.88
18.47
17.98
19.18
18.43
21.77
18.68
18.3
19.28
18.45
17.09
19.98
19.45
18.16
17.04
17.11
18.57
18.45
18.16
17.41
16.35
17.22
17.24
17.31
16.03
17.64
16.78
16.45
17.14
17.04
17.35
16.49
16.68
15.99
19.03
16.98
16.0
16.48
19.02
16.8
18.78
20.27
17.59
16.57
18.62
18.96
20.07
19.93
18.94
17.25
20.23
19.01
19.14
17.56
19.36
18.11
19.82
17.36
19.23
20.36
19.58
18.11
19.35
18.2
17.2
19.13
18.54
18.86
17.42
18.95
18.3
19.19
19.13
17.3
19.8
19.31
18.18
16.23
19.79
18.27
18.73
20.48
18.86
18.72
17.94
20.4
18.34
19.47
18.08
18.48
18.54
18.93
18.1
18.95
18.68
17.02
19.34
17.48
17.26
20.27
17.63
20.59
19.09
19.63
19.45
19.72
16.87
17.52
20.83
17.12
18.4
18.55
18.04
17.99
17.2
16.75
17.05
15.93
16.32
16.22
16.26
16.55
15.92
16.09
16.26
16.01
15.97
16.13
16.2
16.64
18.66
16.47
16.48
15.98
17.99
16.53
16.73
18.1
17.22
18.92
17.99
17.49
18.5
17.23
17.76
18.52
18.42
19.38
17.9
17.27
18.21
17.86
17.04
18.32
18.63
17.16
18.2
17.88
17.46
16.69
18.84
19.25
19.47
17.02
18.22
19.29
16.05
17.28
16.99
17.17
16.38
16.61
17.14
16.23
17.29
16.76
18.15
17.39
16.77
16.51
17.36
18.3
16.18
16.72
16.1
16.46
17.08
16.96
16.56
16.07
18.4
16.91
18.82
18.51
16.33
18.75
18.28
17.88
18.61
19.15
18.76
16.96
20.29
18.85
20.09
18.65
19.24
17.08
18.48
20.16
18.41
16.59
16.52
18.82
19.5
17.95
18.82
19.3
17.17
19.04
19.08
18.55
21.22
18.73
18.34
19.67
18.27
17.66
19.36
19.22
18.71
16.83
17.43
19.16
17.33
18.96
19.56
17.66
16.77
21.14
20.18
19.91
19.56
17.72
19.08
18.96
19.17
16.38
17.86
18.44
18.2
19.22
19.31
18.61
19.63
19.13
16.96
18.34
18.73
18.71
19.16
19.11
18.5
18.33
20.56
18.81
17.56
18.44
18.34
17.77
18.04
16.79
17.15
17.32
16.44
16.53
15.92
16.24
16.62
18.08
16.89
16.93
16.82
17.55
19.59
16.92
16.9
16.97
20.67
19.95
18.94
19.02
17.72
18.07
17.42
16.99
17.57
17.53
17.81
18.72
19.23
19.97
16.3
17.34
16.89
16.38
16.97
18.6
17.68
16.67
19.27
19.11
17.12
17.45
16.74
17.35
17.88
18.83
18.99
18.1
18.22
18.02
18.39
17.62
19.59
19.64
18.76
18.07
20.07
20.08
17.48
18.97
17.35
19.88
19.67
19.36
18.46
18.6
18.09
18.99
18.81
17.48
19.25
18.42
17.97
19.07
17.91
18.87
19.31
18.43
21.24
19.66
18.88
18.22
18.49
18.53
19.39
21.13
19.02
19.35
17.71
20.72
18.92
18.53
21.51
18.31
18.06
17.99
18.77
18.19
18.34
19.39
18.95
19.26
19.36
19.35
18.97
18.89
18.84
19.91
19.15
18.09
18.22
17.58
18.91
19.02
17.95
16.82
16.31
16.54
17.46
17.22
19.22
16.75
19.59
17.27
17.17
17.34
16.86
16.65
17.57
17.0
16.51
17.0
18.66
18.7
18.52
18.05
18.64
18.43
19.05
18.37
19.02
18.2
16.6
17.25
17.8
18.43
17.4
18.07
18.82
19.79
18.76
18.64
19.21
19.03
18.15
17.45
18.62
18.25
17.05
16.75
16.9
16.69
18.23
19.16
17.45
16.29
16.01
17.56
18.16
17.4
16.39
20.15
17.98
17.46
18.39
18.41
18.25
18.63
19.17
17.16
18.48
19.32
19.8
18.59
18.85
15.88
17.75
16.05
16.36
16.23
17.63
18.21
16.32
15.82
16.44
17.04
16.97
16.82
15.94
16.49
16.17
16.76
17.11
17.16
16.26
15.72
16.28
17.45
15.93
16.93
16.52
17.14
16.57
16.67
16.27
15.83
16.25
17.0
16.23
16.96
17.44
17.94
17.79
17.03
16.55
17.77
15.73
16.51
16.72
17.35
16.41
16.16
17.34
16.69
17.99
16.71
18.01
17.29
16.13
17.01
16.05
16.96
16.14
17.0
18.05
18.07
16.6
16.1
16.98
16.12
16.76
16.91
16.08
17.03
16.67
16.26
16.2
16.19
16.68
17.34
18.47
18.44
17.3
16.42
17.25
17.02
17.2
18.02
16.66
18.1
17.23
16.11
16.46
16.42
16.92
15.97
18.1
17.76
16.32
18.14
17.75
16.96
17.43
17.21
18.0
18.42
16.78
16.83
17.15
16.79
18.91
19.21
18.03
19.82
18.7
20.07
20.27
20.19
18.83
16.8
17.34
19.48
18.46
17.36
16.56
17.38
17.28
16.97
17.05
17.7
18.78
18.67
17.12
17.15
17.16
17.7
16.9
17.09
17.7
19.22
16.46
16.82
17.56
17.38
17.81
17.09
17.11
16.92
17.24
16.92
18.0
17.22
16.67
16.69
17.86
16.8
17.03
17.78
18.3
18.6
16.83
18.22
16.99
16.97
16.66
18.34
18.46
17.41
17.05
16.54
17.63
17.19
17.26
16.82
17.31
18.74
17.32
19.12
20.45
17.44
16.91
17.1
19.8
17.34
17.89
17.24
17.57
17.33
17.51
16.99
18.92
20.35
17.58
18.05
17.81
17.14
18.61
17.02
18.41
18.13
17.93
17.28
17.19
17.9
19.32
16.51
17.04
16.85
18.58
17.94
18.1
18.7
18.77
18.58
18.0
19.56
17.43
17.42
18.64
18.83
17.6
17.36
17.13
17.24
18.92
17.25
18.65
17.07
17.5
18.18
17.73
16.66
17.05
16.91
20.29
17.42
17.48
18.34
18.49
18.68
18.93
18.4
18.81
18.64
17.33
18.42
19.14
18.15
19.23
19.04
19.01
19.46
19.87
18.95
18.73
19.18
17.98
18.58
18.23
18.36
19.26
18.6
17.99
19.19
19.07
19.0
20.25
20.1
17.29
18.95
18.17
19.34
19.43
20.06
18.91
18.56
19.03
18.65
18.8
18.69
18.84
18.94
18.99
16.53
19.6
18.48
18.34
18.43
18.51
19.29
17.24
19.28
19.54
18.83
18.72
18.83
19.14
19.63
18.78
19.86
19.08
19.15
19.79
18.22
18.8
18.7
18.67
18.5
19.23
20.75
18.85
18.14
17.61
18.97
19.18
19.6
19.08
18.48
19.42
19.12
18.24
18.41
19.82
17.01
18.81
18.87
18.84
18.02
19.2
18.07
18.91
18.75
19.06
17.84
19.5
19.31
19.01
19.29
19.44
19.25
18.41
18.86
19.27
18.08
16.43
18.61
20.56
18.57
18.91
17.35
18.7
18.92
19.56
18.83
18.81
19.66
17.93
19.06
18.53
20.67
17.71
17.63
18.58
16.91
19.81
18.45
18.4
19.42
18.62
18.68
19.2
19.89
18.69
18.71
20.46
18.1
18.94
17.61
19.92
18.45
19.43
18.3
18.26
19.58
17.92
19.2
18.55
18.7
18.66
17.61
18.27
20.61
18.74
17.97
20.27
19.0
18.41
19.38
18.35
19.35
18.44
17.55
19.8
16.01
18.96
17.39
17.99
20.71
18.73
18.33
19.32
18.46
18.06
19.09
18.97
19.05
20.28
19.03
18.83
18.78
18.2
18.22
18.79
18.87
19.23
19.36
16.99
19.55
19.35
19.98
18.59
20.48
16.38
19.01
17.8
16.7
17.28
17.84
18.93
17.85
17.36
16.62
15.96
16.78
17.92
17.58
16.81
17.74
17.36
17.19
17.52
18.43
18.31
16.91
18.6
17.55
18.32
16.92
17.23
18.0
17.59
17.52
18.26
19.1
18.85
16.73
16.49
22.35
19.22
16.61
18.08
18.34
17.46
19.05
20.62
18.55
17.77
18.57
18.8
19.68
17.07
16.59
18.8
16.54
17.16
16.87
16.92
17.63
17.11
17.34
17.88
17.0
19.02
17.93
16.92
17.67
16.82
16.28
16.39
16.68
16.47
16.97
15.93
17.67
17.24
19.38
16.47
16.91
16.58
17.06
16.41
19.38
17.04
18.37
18.99
17.44
17.2
16.72
17.07
17.33
17.84
17.83
17.21
16.29
16.76
18.78
19.43
19.55
17.21
19.37
18.4
17.24
17.33
17.14
16.03
16.35
16.65
16.72
16.54
16.93
16.63
17.03
16.43
16.82
16.49
19.4
17.6
19.95
17.8
20.18
17.77
17.16
18.33
17.14
19.07
17.19
17.21
17.07
17.94
17.61
17.27
17.29
18.53
19.28
20.83
18.44
19.45
17.78
18.18
19.34
19.5
18.93
19.0
17.69
18.45
17.07
18.2
18.91
17.26
16.6
17.78
17.38
17.61
17.12
17.63
16.31
18.6
18.49
17.69
17.95
19.57
18.66
19.36
18.54
18.82
19.09
18.49
19.27
19.54
19.38
19.52
18.66
19.7
19.09
19.23
18.3
20.62
19.04
20.7
19.16
19.44
17.78
20.84
18.25
18.68
18.49
18.07
18.73
19.2
17.8
19.71
17.11
19.09
19.08
18.6
18.87
19.34
19.05
18.35
19.21
18.85
18.11
18.74
19.13
18.35
19.44
19.1
19.02
18.65
21.3
19.31
18.84
18.52
18.27
19.67
18.18
19.03
18.74
19.2
20.83
19.4
19.55
19.85
18.78
19.37
19.81
19.26
19.51
19.17
19.41
18.84
19.19
20.04
18.74
20.27
18.9
18.65
19.24
19.39
18.66
18.87
19.45
18.91
18.37
19.98
19.93
21.17
18.93
19.85
19.37
19.64
18.87
19.23
20.28
21.53
20.56
19.23
20.0
20.46
19.25
18.76
19.22
18.96
18.78
18.29
19.97
19.83
18.38
18.59
19.27
19.58
20.01
19.43
18.74
19.16
21.54
18.53
18.63
20.28
18.85
19.09
19.97
19.99
18.56
19.52
19.11
18.62
18.37
17.76
18.15
18.79
18.81
17.56
19.36
19.19
19.37
19.93
18.69
20.13
20.15
18.98
18.41
17.21
17.2
17.09
18.3
17.28
18.91
18.33
17.23
17.43
16.48
16.96
17.07
17.26
18.05
17.12
19.11
19.4
18.77
19.01
18.33
18.79
17.46
18.58
19.32
18.41
18.23
18.64
18.99
18.34
19.05
18.54
18.86
18.59
19.98
18.6
19.46
18.19
18.88
19.62
17.75
18.39
20.82
20.76
18.47
18.69
19.4
18.6
19.81
17.39
19.57
18.71
18.12
19.33
19.0
20.01
19.38
19.63
19.4
19.46
19.61
18.85
18.9
18.32
20.14
20.37
19.0
20.4
18.91
18.42
19.89
20.31
19.86
19.08
20.47
19.51
18.66
19.28
17.61
17.88
18.07
18.86
18.59
18.34
18.53
18.09
19.98
20.02
20.16
18.76
18.41
18.31
18.98
18.68
19.06
18.23
19.86
18.53
18.84
20.38
19.08
21.19
18.82
19.24
19.3
18.95
18.77
19.13
19.01
19.04
21.01
20.31
19.08
18.69
18.54
19.19
19.7
18.89
19.3
18.84
19.64
19.21
19.2
21.25
19.03
18.54
19.9
19.7
20.63
19.29
19.33
19.07
20.7
20.13
19.02
18.34
19.38
18.65
19.22
19.57
19.41
17.43
19.02
19.0
19.04
18.32
18.26
18.46
18.99
18.92
19.03
19.5
18.9
18.65
18.64
18.82
18.57
18.8
19.11
20.56
17.96
18.42
18.76
18.9
18.47
18.49
19.55
19.17
17.44
17.48
16.76
18.25
18.4
18.4
18.61
19.71
18.76
18.85
19.7
18.97
18.35
17.9
18.88
18.77
18.3
17.8
19.39
19.05
18.26
18.68
18.44
18.52
19.15
17.92
18.33
18.4
18.85
18.55
19.35
18.05
18.87
17.97
18.13
19.07
17.87
17.71
18.94
19.06
18.44
19.0
18.66
18.94
18.26
18.77
18.25
18.76
19.76
19.27
17.86
18.02
18.4
18.49
18.24
18.78
18.32
19.16
19.22
18.58
19.6
18.8
19.14
18.34
18.9
19.04
19.03
18.84
19.63
18.56
19.55
19.91
21.31
18.49
19.41
18.94
18.36
18.81
19.17
19.48
18.87
18.82
17.98
18.47
19.12
18.74
18.78
19.33
18.63
18.36
18.17
18.16
18.63
19.07
17.89
17.26
17.17
18.18
18.59
19.55
18.5
19.24
20.56
18.03
18.38
18.45
16.54
16.79
16.33
17.02
16.37
16.18
16.37
17.12
15.95
16.22
17.28
16.5
17.55
16.15
16.9
15.93
15.71
16.11
16.88
16.69
16.1
16.1
16.24
16.06
16.23
16.57
16.08
17.8
16.48
17.25
16.95
16.99
16.72
16.37
16.45
16.44
17.87
17.02
17.39
16.82
16.25
16.2
16.21
17.48
16.22
16.37
16.63
16.88
15.95
15.86
17.95
16.07
16.13
16.38
17.22
16.02
16.64
15.46
17.18
15.89
16.41
15.78
17.42
17.74
16.27
16.63
17.49
17.24
16.65
17.76
17.3
17.41
16.61
17.02
15.97
15.99
18.0
16.52
17.19
17.44
17.04
17.03
16.96
15.96
16.7
15.88
18.34
15.74
17.5
17.67
17.18
16.48
17.27
16.65
17.8
16.58
17.85
17.49
16.28
16.28
17.25
16.4
17.37
16.16
16.95
17.17
16.33
15.93
17.5
17.61
15.81
16.11
16.62
16.59
16.76
17.45
16.4
16.15
16.36
17.13
16.46
16.22
16.31
16.95
16.32
16.05
16.01
16.63
16.77
16.37
15.94
16.15
16.42
16.32
16.0
16.47
16.2
16.73
16.45
16.02
16.47
16.49
15.94
16.0
16.45
16.57
16.82
16.16
16.48
15.7
16.13
16.66
16.32
15.98
16.33
16.68
16.07
16.48
16.67
16.29
15.98
16.29
16.61
15.9
16.07
16.58
15.98
17.26
18.15
17.33
16.55
16.48
16.07
16.35
16.71
18.24
16.0
16.26
18.01
16.74
17.06
17.47
17.21
16.92
17.57
16.32
16.81
18.1
16.33
17.49
17.13
17.0
17.04
17.04
16.32
16.92
16.84
16.51
17.4
16.16
18.56
16.81
16.87
16.34
16.41
16.09
16.93
16.25
16.61
17.71
16.61
16.07
17.09
17.4
16.35
17.68
17.02
17.6
17.35
16.7
17.27
16.82
17.01
15.92
16.53
16.16
16.99
18.33
16.61
17.47
16.75
16.92
17.24
16.38
16.49
16.45
16.41
16.55
16.76
16.47
17.13
16.58
16.26
17.06
16.61
16.83
16.51
16.23
17.17
16.48
16.62
17.13
16.17
17.22
16.91
16.36
16.55
16.02
18.06
17.46
17.85
16.92
17.22
16.72
16.86
17.33
18.67
16.9
17.69
18.27
17.32
18.96
18.33
17.96
16.64
18.36
17.09
17.64
18.58
18.97
18.33
19.51
18.27
18.96
19.48
18.92
17.92
18.81
19.26
19.72
18.49
18.58
19.73
19.62
17.91
17.62
18.98
17.63
17.29
16.91
17.37
18.75
17.02
18.44
17.58
17.32
16.86
18.2
17.18
18.05
17.71
16.64
19.13
17.41
19.04
16.84
17.29
17.47
17.3
18.11
18.52
18.03
18.92
17.13
18.14
19.41
18.13
19.09
19.31
17.71
17.54
17.99
18.28
19.43
17.03
18.31
18.39
17.48
18.77
16.65
17.12
18.31
17.37
18.22
18.65
17.3
17.17
18.23
18.67
18.24
17.44
18.73
17.24
17.39
16.77
19.3
18.89
17.55
17.58
18.87
18.46
18.34
19.46
18.03
18.2
19.34
18.08
17.42
17.35
18.53
18.83
17.63
17.07
18.82
18.6
17.94
18.35
18.64
18.67
17.27
19.55
18.96
18.2
18.31
17.75
18.76
18.49
18.12
18.09
17.59
18.5
18.45
18.46
18.89
18.56
17.13
17.54
18.45
17.05
17.74
17.79
17.86
18.21
17.41
17.87
17.15
16.26
18.04
19.35
17.89
17.52
16.53
18.7
17.87
17.44
16.61
17.95
18.31
20.19
18.45
18.42
18.23
19.18
16.55
18.09
16.61
17.18
17.54
18.85
18.73
18.13
16.9
20.58
17.76
17.81
17.69
17.4
18.31
18.19
16.89
17.08
17.68
17.44
17.4
17.17
16.34
17.45
17.57
17.82
17.28
17.38
18.36
17.28
17.46
17.1
17.45
17.2
17.95
18.17
17.31
18.12
18.43
16.94
19.76
18.16
16.71
19.1
16.99
17.41
17.03
17.38
18.27
17.1
17.41
17.6
17.58
17.88
17.79
18.48
16.8
17.44
17.02
17.35
17.38
17.31
16.92
17.11
17.29
17.66
16.8
17.0
16.38
17.12
17.09
17.26
17.32
17.71
16.45
18.86
17.61
16.41
17.09
16.99
17.6
18.11
17.24
16.84
17.89
17.17
16.79
17.58
17.23
17.78
16.66
16.89
17.39
16.75
16.95
17.56
17.2
17.48
18.77
16.63
17.4
18.29
16.89
17.36
18.09
19.52
18.7
19.13
18.25
17.96
18.62
19.13
18.96
17.92
17.3
17.89
18.97
20.22
18.19
17.99
18.6
18.52
19.35
17.7
18.34
18.21
17.67
18.17
17.68
17.35
16.84
18.05
18.55
18.97
18.7
19.19
19.92
17.98
17.15
19.19
19.1
18.13
18.99
19.49
18.24
17.48
19.12
18.73
19.48
19.69
19.14
17.89
17.9
18.9
17.28
18.82
17.84
19.14
17.99
18.74
17.43
17.72
17.85
18.28
18.26
16.78
18.72
18.18
17.9
17.31
18.24
17.38
17.37
17.4
18.96
18.86
17.16
18.49
17.59
17.46
18.63
18.53
18.53
16.99
18.12
17.52
17.42
19.19
16.64
17.64
17.35
17.63
19.33
17.29
16.31
17.48
17.07
17.58
17.57
17.58
18.82
17.81
18.87
17.1
17.48
18.03
17.07
18.93
18.66
17.64
17.56
17.9
19.01
16.88
18.85
18.82
17.35
18.23
19.92
17.76
18.66
17.48
17.7
18.59
17.85
19.14
16.7
18.12
17.71
17.85
17.56
17.63
18.43
17.47
17.01
18.89
17.7
18.33
17.99
18.99
18.14
18.65
17.36
17.41
18.43
17.31
17.42
18.35
17.21
17.72
17.93
17.46
17.41
18.45
17.0
18.22
20.41
17.63
16.78
17.84
17.13
17.53
16.97
18.07
17.28
17.75
17.66
17.83
17.45
17.57
18.2
18.03
18.1
19.2
19.42
18.57
19.41
17.84
19.03
17.34
16.67
19.1
17.29
17.74
17.05
18.78
16.63
17.63
18.3
17.45
17.04
18.57
18.05
18.08
17.28
18.53
17.71
18.56
17.1
17.37
18.04
16.85
18.33
17.32
19.56
18.86
18.25
16.97
16.5
18.76
17.75
17.78
16.81
18.1
18.15
18.23
17.83
18.32
16.98
18.16
17.62
19.27
17.76
17.04
18.94
17.27
18.04
17.92
17.67
17.35
17.58
17.81
17.97
17.29
18.77
17.7
17.02
16.59
17.88
16.68
18.26
17.99
17.92
17.51
18.96
18.55
17.96
18.34
18.26
17.74
16.95
16.87
17.8
16.73
19.57
18.6
17.84
18.44
17.37
17.05
18.12
19.02
18.56
18.6
17.11
18.2
17.86
18.43
17.89
17.63
18.18
18.23
18.01
18.12
18.05
18.36
16.97
17.61
17.57
19.12
18.73
17.34
17.22
17.21
17.86
17.07
17.59
17.25
17.34
17.2
20.66
18.16
18.79
17.81
17.5
17.14
20.42
17.5
17.74
17.89
17.7
17.22
18.58
17.01
18.32
17.31
17.17
18.81
18.41
17.57
17.45
17.26
18.24
17.08
17.49
17.41
17.49
16.99
17.47
18.14
17.07
17.92
18.67
17.51
17.14
18.49
17.35
18.12
16.9
17.99
17.35
17.8
17.02
17.82
17.33
18.63
17.15
17.66
16.91
17.88
17.44
18.67
17.62
17.0
17.04
17.4
18.65
16.53
17.79
17.95
17.69
17.49
17.96
18.31
17.38
18.88
17.62
17.36
17.04
18.48
17.29
17.23
18.52
18.05
17.66
20.1
17.09
18.35
18.14
17.98
18.62
17.03
17.94
17.63
18.18
18.87
17.52
18.26
17.32
18.41
17.08
16.89
17.45
17.65
17.64
18.22
17.21
17.83
17.28
19.49
16.96
17.32
17.22
16.99
18.98
17.95
17.49
17.74
17.92
18.7
17.89
16.97
18.28
18.2
17.46
17.39
16.41
17.38
18.2
16.98
18.27
17.52
17.07
18.58
17.0
17.03
17.36
17.02
17.59
18.02
18.72
17.54
18.83
17.35
18.1
18.03
17.91
17.54
17.5
18.42
17.26
17.34
17.85
20.01
17.88
19.42
19.36
17.25
17.96
16.97
17.5
17.51
17.26
17.53
17.67
18.78
17.51
16.46
17.05
18.06
17.83
20.45
18.5
17.45
17.41
17.54
18.29
17.86
17.27
17.19
18.47
18.6
18.41
18.27
18.64
17.59
18.5
18.31
17.32
18.8
18.32
19.33
17.71
18.29
19.28
19.17
16.46
16.53
16.02
17.41
16.22
16.2
16.18
16.52
15.66
16.47
16.56
16.16
16.56
16.32
16.95
16.78
16.24
16.2
15.5
16.44
17.11
15.99
16.34
16.39
16.5
16.38
16.23
16.18
17.13
16.32
15.89
17.23
17.04
17.28
16.36
16.42
16.5
16.61
17.34
16.82
15.52
16.51
15.84
16.28
16.23
16.34
16.26
17.86
16.6
16.25
17.2
17.03
16.23
15.59
15.96
15.97
16.59
15.9
16.84
16.59
16.51
15.95
15.83
16.01
16.1
16.54
15.95
16.18
16.32
16.71
16.27
17.06
15.57
15.53
16.43
16.57
17.17
15.76
19.45
17.56
15.94
16.03
16.37
17.87
16.12
16.11
16.04
17.46
15.97
16.74
16.04
16.87
16.29
16.46
16.43
16.11
16.07
16.24
17.27
16.21
17.34
16.59
16.18
16.3
17.53
16.93
16.69
16.52
16.91
16.15
17.04
16.36
16.42
16.08
16.74
15.8
16.12
16.37
16.25
16.74
18.2
15.99
15.96
15.94
16.24
15.87
16.36
16.15
16.35
15.72
15.7
15.86
16.74
16.77
17.55
16.15
16.04
16.63
16.44
18.19
16.52
16.7
16.27
16.58
16.06
16.05
16.66
16.9
16.12
16.66
15.84
16.12
16.54
16.18
15.76
16.62
16.01
16.09
16.43
16.48
16.42
16.25
15.87
16.22
16.72
17.33
16.07
16.04
17.37
16.51
16.02
16.17
16.46
16.21
16.2
16.19
15.88
15.96
16.42
17.33
15.87
15.92
16.52
16.51
16.21
16.2
16.53
16.33
16.3
16.31
16.44
16.44
16.43
16.2
16.5
16.91
16.26
15.78
16.09
16.3
16.43
16.06
16.82
16.63
15.97
18.88
17.06
16.68
17.17
15.89
16.28
17.13
18.32
16.71
17.04
17.56
18.36
18.62
18.44
17.74
19.95
19.02
18.55
18.57
19.0
18.77
18.56
18.83
18.89
18.86
18.85
19.33
19.27
18.93
18.66
18.68
19.03
18.62
17.97
19.66
17.73
16.81
18.43
18.78
19.51
17.18
17.79
16.9
18.67
19.17
19.58
19.72
18.48
18.72
19.26
18.63
18.63
18.68
18.85
18.83
19.1
18.87
18.84
19.24
18.97
18.85
19.02
18.64
19.08
19.91
20.12
18.11
18.69
18.82
18.6
18.77
18.98
18.67
18.97
18.8
19.2
18.82
18.47
18.63
18.81
19.99
19.71
19.19
18.16
18.95
17.5
18.62
18.19
17.52
19.88
18.83
18.05
19.53
19.25
18.16
18.4
18.09
18.36
19.18
19.38
19.33
18.62
18.36
19.14
17.87
17.69
18.85
19.2
18.25
19.52
18.21
18.37
18.89
17.05
18.64
17.14
18.11
18.25
18.98
19.26
16.91
17.82
19.49
19.18
18.84
19.43
18.4
19.62
19.17
19.06
18.36
18.24
18.64
18.6
18.92
18.37
18.67
18.72
20.26
19.54
19.56
19.1
20.34
18.42
19.5
18.2
19.15
18.91
18.83
18.96
19.27
19.08
20.22
20.14
19.11
18.64
18.36
18.91
18.3
18.63
18.78
17.95
18.14
18.18
18.86
18.98
18.72
19.5
19.08
18.76
19.05
18.6
19.21
19.24
19.19
19.09
18.22
19.38
19.17
19.72
19.38
18.16
20.09
19.86
18.31
18.56
19.06
18.31
18.08
19.43
18.68
18.94
18.94
18.37
18.61
18.78
19.57
19.48
19.45
19.13
18.75
18.58
19.37
19.01
17.67
18.37
18.78
18.12
17.57
18.4
16.54
17.49
17.05
16.33
15.64
16.64
16.83
17.6
16.74
16.43
17.87
19.28
18.05
18.78
18.05
18.97
18.74
18.3
18.9
16.1
15.84
16.12
16.47
17.36
16.16
16.34
16.81
16.58
16.74
16.87
17.2
18.35
19.03
19.1
17.75
16.85
16.29
16.47
16.29
16.47
16.64
16.35
16.85
17.25
16.53
16.41
17.16
18.04
17.18
17.28
16.53
16.78
17.9
17.12
16.61
16.68
17.56
16.79
16.54
16.97
17.38
16.81
17.67
16.48
16.68
16.82
17.38
16.15
16.22
16.37
16.48
16.26
16.79
16.44
16.86
17.17
16.41
16.09
16.89
17.02
16.27
16.49
16.38
16.86
17.4
16.78
18.07
17.42
17.82
15.9
16.46
16.58
16.39
17.38
17.01
17.08
16.85
15.63
16.36
16.49
16.28
16.65
16.88
17.42
16.43
16.17
16.75
16.98
16.69
16.63
16.4
16.38
16.48
16.03
16.85
16.16
16.5
17.03
16.41
16.63
16.3
16.54
16.63
16.84
17.04
16.58
16.74
17.38
16.89
17.21
16.28
16.4
17.08
16.43
17.14
16.32
17.11
16.25
16.64
16.35
16.66
16.92
16.7
18.76
16.03
16.66
17.02
16.53
16.46
16.56
16.35
16.83
16.04
16.24
16.61
16.94
16.67
17.01
17.28
16.79
16.67
16.11
17.71
16.85
16.85
16.32
16.89
16.77
18.55
17.04
16.97
16.85
16.45
16.3
17.2
17.01
17.45
15.76
17.09
16.73
16.25
15.77
16.14
16.48
16.9
16.66
16.52
16.95
16.39
17.6
16.71
16.61
17.12
16.8
16.73
17.75
16.47
17.25
16.39
16.8
16.75
16.35
16.89
16.37
16.78
17.76
16.75
16.55
16.95
16.95
16.8
16.48
16.71
17.3
16.32
16.44
16.38
16.84
17.4
17.07
17.29
17.54
16.83
17.84
17.46
17.39
17.43
18.07
17.14
17.64
17.53
16.98
17.19
16.86
16.85
16.48
16.96
16.85
16.6
16.21
16.63
16.4
16.32
16.32
16.32
16.89
16.83
16.61
16.27
16.26
16.36
16.45
16.9
17.94
16.77
16.54
17.23
17.54
18.87
17.44
16.65
16.92
16.98
17.95
18.03
18.03
18.08
17.16
17.26
17.04
17.02
16.26
17.39
16.24
16.13
17.22
17.19
16.95
16.13
16.72
16.75
16.33
16.48
16.81
16.72
16.34
16.29
16.56
16.2
16.56
17.01
16.98
16.75
16.43
16.49
17.64
16.97
16.18
16.18
17.69
16.64
16.9
16.78
16.42
16.1
16.88
16.83
15.89
16.25
16.5
16.7
16.55
16.16
16.64
16.25
15.97
16.33
16.49
16.77
19.39
17.87
18.21
18.08
19.07
20.04
18.46
18.26
16.25
16.35
17.04
16.32
17.03
16.74
16.32
17.04
16.27
16.57
16.89
16.15
17.5
16.64
17.01
17.34
17.04
16.85
17.16
16.64
17.63
16.75
17.03
16.68
16.46
16.87
16.16
16.53
16.39
16.58
17.01
16.95
16.81
17.38
17.15
17.17
18.93
17.2
16.66
16.22
16.42
17.46
16.52
16.04
19.6
18.88
16.95
17.02
17.02
16.79
16.47
16.65
16.62
16.85
16.95
18.52
17.93
17.89
17.7
16.82
16.98
17.01
17.01
17.42
18.29
17.81
17.25
17.59
16.52
16.25
16.54
16.83
17.54
16.94
16.74
17.22
16.72
17.18
16.79
17.48
18.26
19.34
18.21
17.94
17.58
17.78
18.29
19.17
18.29
19.82
18.52
18.91
18.11
19.62
19.15
18.0
16.65
17.33
17.33
17.31
17.18
17.85
17.09
17.42
17.81
17.95
18.54
18.99
19.04
18.54
17.2
18.47
18.4
19.09
19.1
18.4
19.13
18.03
18.93
17.64
17.98
17.68
18.91
18.21
18.98
18.09
19.13
20.05
19.89
18.0
19.66
19.02
19.33
18.17
17.51
19.94
18.85
18.48
18.81
18.43
20.55
18.03
18.25
18.35
17.55
19.32
18.48
19.46
19.45
19.63
19.18
19.41
18.79
18.38
18.72
18.27
18.88
18.57
19.16
19.35
18.3
18.53
19.16
19.42
18.69
18.39
18.64
18.81
19.44
18.75
20.12
20.0
18.47
19.16
17.4
18.74
18.87
18.88
17.96
18.86
17.31
17.28
17.83
17.92
18.72
18.57
16.91
16.93
18.3
17.33
16.71
16.29
17.27
17.05
17.82
16.34
17.78
16.51
17.13
17.84
16.31
17.68
19.43
17.1
18.27
18.06
17.1
18.64
19.44
17.1
16.77
18.36
16.84
16.62
17.23
17.33
16.51
16.79
17.83
18.68
19.26
18.47
16.93
17.78
16.67
17.61
16.54
17.06
21.63
19.24
16.58
18.36
16.92
17.0
16.22
16.16
16.09
16.61
18.81
17.56
18.87
17.88
17.55
19.16
18.86
18.92
20.86
17.17
18.98
18.5
17.37
18.4
18.76
17.82
19.03
18.28
19.48
18.29
18.8
16.2
16.1
16.4
15.59
16.21
17.39
15.94
15.82
16.73
16.22
16.39
15.58
15.96
16.39
16.87
16.59
19.11
16.43
19.01
16.51
17.09
16.59
16.93
16.48
16.07
16.47
16.38
18.49
15.7
17.54
17.1
16.83
16.71
16.79
16.35
17.74
15.99
16.63
16.69
15.88
16.27
16.44
16.96
16.34
16.94
16.78
16.59
16.64
16.12
17.08
16.41
16.78
16.09
17.18
16.52
16.39
16.68
16.46
16.22
16.12
17.24
16.55
16.51
17.42
16.73
16.47
16.21
16.88
16.91
17.71
17.6
16.59
17.45
15.9
17.79
16.23
16.8
15.92
17.07
16.43
18.53
17.14
17.28
16.44
16.43
16.48
17.15
16.37
17.03
18.6
16.98
16.43
16.01
16.46
15.96
17.62
16.62
18.01
16.76
16.1
16.57
16.11
16.01
17.02
16.06
16.56
16.6
17.14
16.68
16.35
16.84
16.03
16.16
15.77
17.11
16.35
15.76
16.26
16.09
16.83
16.56
16.56
16.16
16.82
16.95
16.51
16.02
17.69
16.46
16.11
16.04
15.77
16.3
16.33
16.74
16.77
16.72
16.54
15.86
17.0
15.65
16.54
18.16
17.06
17.29
17.38
17.26
16.53
16.86
16.63
16.59
17.55
16.64
16.79
16.31
16.17
16.43
16.32
18.11
17.03
17.34
16.75
16.78
16.82
16.06
16.43
17.09
16.21
16.28
18.15
17.93
18.42
16.94
17.39
17.14
16.37
18.43
16.34
16.82
16.92
17.49
17.01
17.43
16.98
18.75
17.5
17.38
17.06
20.3
17.43
16.95
16.87
15.88
17.33
16.91
17.09
17.34
17.41
17.74
18.14
17.17
16.08
16.61
16.19
16.42
17.12
16.84
20.09
17.4
16.75
17.0
16.97
16.31
18.62
16.52
16.84
17.1
17.99
17.29
16.86
17.02
17.46
17.64
16.53
16.24
16.45
19.66
17.2
17.37
16.28
17.36
16.56
16.23
17.61
17.44
18.16
19.08
18.6
19.72
18.25
16.96
17.62
17.31
19.11
19.09
20.15
21.12
17.85
18.24
20.36
18.09
18.18
20.49
18.92
21.0
19.52
18.74
19.32
19.02
17.23
18.79
18.41
18.34
18.28
18.05
18.69
18.8
17.96
17.98
17.56
18.88
18.89
17.02
19.19
18.79
17.39
18.75
16.66
20.85
18.63
19.93
17.2
19.22
19.2
19.33
17.67
17.61
16.83
16.44
17.1
17.18
16.48
16.13
16.66
17.92
16.88
19.28
18.5
17.43
17.38
18.51
16.28
16.25
16.41
16.44
17.23
16.75
16.5
16.83
16.73
17.64
16.62
16.32
16.58
16.05
16.5
16.15
16.1
16.29
16.1
16.72
16.37
16.4
16.81
16.76
16.82
16.42
16.38
15.98
17.07
16.08
15.89
15.56
16.72
17.06
16.61
19.75
16.5
18.58
18.78
18.65
17.27
17.65
16.84
17.43
19.22
18.11
19.19
18.23
16.89
16.67
17.46
16.93
16.88
17.13
17.15
17.06
16.33
16.8
17.18
17.2
17.19
17.14
15.94
16.43
16.87
17.62
16.52
17.38
17.22
18.34
19.03
16.94
17.15
16.65
17.35
17.39
18.98
16.33
18.23
17.87
18.71
17.87
18.98
19.0
17.61
17.96
17.22
17.97
18.23
17.19
18.48
16.89
16.03
16.32
16.73
17.62
18.29
19.08
17.55
17.37
19.39
17.12
17.88
18.27
17.86
18.57
19.86
17.21
16.65
16.25
16.94
17.74
18.15
19.42
17.67
17.74
19.63
17.56
19.12
19.25
18.37
19.33
19.04
19.07
17.64
20.05
18.83
18.33
17.51
19.45
19.95
19.09
19.49
18.34
17.31
16.6
16.98
17.11
19.29
19.5
18.53
16.63
18.75
16.74
16.5
16.55
16.84
16.65
16.52
18.64
16.79
16.82
17.01
18.94
18.22
19.36
18.96
18.16
18.5
19.39
19.23
19.04
18.58
18.15
19.85
19.29
19.74
18.44
19.36
19.06
19.33
18.92
19.31
20.9
20.78
19.71
19.7
21.23
20.46
17.82
18.55
19.22
19.12
19.07
18.46
18.53
18.97
19.26
20.1
18.38
18.25
18.91
19.41
17.36
18.59
18.66
17.54
19.9
19.31
19.22
19.72
19.85
21.32
19.2
18.73
18.78
18.79
18.45
19.28
18.6
18.86
19.56
17.81
18.84
20.16
19.34
18.73
18.44
20.33
18.93
18.76
18.76
18.96
19.07
19.0
19.33
17.8
19.27
18.31
19.28
20.11
19.48
19.03
19.34
18.46
18.64
19.34
19.3
20.17
19.12
17.51
19.59
19.31
18.87
19.19
19.27
19.24
19.16
18.97
19.44
18.66
18.77
19.14
18.08
17.76
16.86
17.97
16.71
21.16
19.26
18.25
18.59
19.43
17.72
18.98
17.41
19.09
17.63
17.65
17.59
18.58
17.23
18.47
20.37
19.36
18.31
18.71
19.2
19.21
20.11
19.47
18.62
20.71
18.65
18.54
19.37
19.17
19.0
18.11
18.38
19.49
19.56
19.07
18.54
18.59
19.89
20.5
18.68
18.39
17.58
19.69
19.32
17.07
16.45
18.63
18.81
19.71
19.95
18.52
18.46
17.66
19.21
16.56
18.45
17.54
16.54
18.13
17.44
17.19
17.71
16.98
19.17
19.36
18.63
18.66
18.84
19.16
18.83
19.33
18.06
20.42
19.24
18.59
18.55
18.48
19.36
16.81
18.64
18.43
19.96
18.87
19.12
18.99
19.21
18.5
19.68
18.84
18.92
20.94
18.54
18.72
19.91
18.71
18.46
18.53
19.01
18.94
19.01
19.21
18.77
18.45
19.89
19.39
19.51
19.36
17.3
19.33
19.59
19.93
18.7
17.38
17.45
17.57
17.41
19.37
19.37
18.94
19.28
19.12
19.02
19.0
18.86
18.97
18.53
18.92
18.0
18.01
18.62
18.19
20.02
20.02
19.84
18.48
18.21
19.27
18.09
17.98
20.19
18.33
17.86
18.24
18.35
18.48
18.08
18.62
18.7
19.69
19.14
19.44
19.43
17.78
18.9
18.23
18.59
18.46
20.0
19.67
20.22
19.16
17.76
19.27
20.31
17.93
17.79
19.28
17.64
17.06
16.29
16.66
17.52
19.13
19.29
16.13
19.06
17.66
17.21
19.27
17.25
17.21
19.34
17.58
18.75
19.28
19.47
18.85
18.03
20.09
18.77
19.01
18.88
18.58
19.77
20.67
18.79
18.69
18.54
18.67
19.2
19.11
19.59
19.0
19.36
19.94
20.02
18.53
19.15
21.35
19.29
18.81
18.44
19.89
18.8
18.8
19.32
18.25
19.95
18.73
16.26
18.71
17.88
18.99
19.56
18.25
17.95
18.45
18.71
18.06
17.39
18.93
18.64
18.56
17.64
18.85
18.0
18.14
20.16
19.02
17.15
18.28
19.5
18.33
19.2
19.07
20.43
17.05
17.55
17.3
17.14
17.27
16.53
17.22
17.83
17.77
19.89
18.59
19.54
18.26
16.14
17.61
17.78
19.0
18.48
19.88
18.89
18.9
19.78
19.89
18.95
19.05
18.4
18.57
19.1
18.88
18.44
18.29
18.85
19.08
18.28
16.69
18.26
18.77
19.14
20.41
18.74
19.48
18.92
18.77
18.78
18.24
16.24
19.41
18.38
19.3
17.56
18.18
18.76
18.15
18.89
18.49
19.2
19.49
19.4
19.16
18.6
17.53
18.92
18.85
18.91
19.85
19.2
19.07
16.77
18.38
18.72
18.86
18.93
18.17
16.96
17.6
18.69
18.64
19.0
18.88
19.48
19.08
19.17
19.41
18.28
19.34
19.28
17.91
19.58
18.34
19.0
19.33
19.25
18.84
19.23
19.34
18.96
17.85
19.53
18.08
19.3
19.39
18.14
18.4
18.56
18.55
19.11
19.15
18.84
19.25
18.69
19.46
18.54
20.54
19.0
18.49
18.91
18.46
17.93
19.5
19.33
19.31
18.16
18.45
18.76
18.53
19.21
18.95
17.61
19.36
20.03
18.31
18.45
20.05
18.74
18.32
18.74
18.71
18.23
19.12
18.54
18.44
19.11
19.52
18.71
18.56
18.13
18.17
19.43
18.89
18.02
18.63
18.75
18.7
19.69
19.98
19.0
18.23
19.21
19.58
19.27
18.01
17.93
18.69
17.47
18.94
18.37
18.78
18.49
18.59
19.64
19.82
18.79
19.96
19.77
19.01
18.88
20.28
18.21
17.98
18.89
17.76
18.88
19.52
18.65
18.82
19.59
18.66
18.55
18.66
18.74
18.14
19.21
18.77
17.28
18.72
16.46
16.16
15.9
16.13
16.05
16.43
17.41
16.14
16.1
16.89
16.12
15.95
16.54
15.64
16.41
16.5
15.87
17.02
16.75
16.46
16.51
17.01
17.2
16.39
16.29
16.44
16.78
17.43
16.85
16.13
16.55
16.41
16.22
17.02
18.52
18.11
17.32
16.76
18.87
18.65
17.01
17.44
17.79
18.36
17.64
17.6
18.78
17.78
16.62
18.1
16.25
16.77
17.02
18.04
17.4
16.79
17.12
17.28
17.23
16.61
16.84
17.82
17.59
17.03
16.91
17.03
16.43
17.44
16.52
16.95
16.32
16.35
16.58
16.34
16.46
16.15
17.17
15.88
16.22
16.47
16.26
17.72
16.83
18.08
18.68
17.13
17.33
17.76
19.54
16.92
16.86
17.51
16.63
17.15
16.88
19.65
18.07
16.83
15.75
15.89
17.09
16.98
17.73
17.11
17.94
18.42
19.33
17.6
18.64
17.12
18.59
17.54
16.91
18.71
17.02
15.93
16.31
16.62
16.85
16.56
17.53
16.36
17.05
17.21
17.33
17.51
16.02
17.63
16.58
16.35
16.62
16.56
16.74
17.13
17.02
17.52
17.56
16.95
17.01
18.06
16.71
18.03
17.12
16.96
17.06
16.8
16.78
17.53
17.0
16.19
17.39
17.22
16.88
20.31
17.45
17.28
16.11
16.41
16.99
16.39
16.52
16.92
17.16
17.27
16.01
16.3
18.66
17.53
17.48
17.46
16.91
16.58
17.93
16.87
17.34
16.71
15.73
16.64
16.88
16.67
17.68
17.47
17.04
16.7
16.98
17.55
17.5
17.69
16.45
17.12
15.98
16.5
16.37
16.17
16.98
16.77
16.28
17.51
16.84
16.79
16.66
16.51
16.21
17.36
17.29
17.01
16.37
16.61
16.3
16.92
16.04
16.24
16.18
16.65
17.48
16.75
16.61
17.39
16.24
15.89
16.15
16.71
16.35
18.09
16.79
16.89
16.72
16.15
16.32
16.75
16.0
16.46
16.54
19.82
15.87
16.67
16.55
16.37
15.88
15.83
16.76
16.31
16.52
16.88
16.31
16.57
17.66
16.23
16.33
15.96
16.53
16.94
16.78
16.75
16.73
16.17
16.69
17.1
17.71
16.92
16.95
17.16
16.47
17.03
16.88
17.17
16.3
16.05
16.64
17.71
18.6
17.18
17.35
16.88
17.4
16.71
16.16
16.8
16.51
16.78
16.34
16.89
16.48
16.02
16.47
16.19
16.21
16.28
16.95
17.28
16.35
16.91
16.77
15.9
16.82
15.69
16.18
16.14
18.1
17.27
16.13
16.18
16.8
16.54
16.72
17.43
16.61
17.23
16.86
15.88
16.52
17.08
16.28
16.52
15.9
15.96
17.8
17.11
16.9
16.94
16.84
16.86
18.19
15.89
17.93
16.2
16.57
17.08
17.83
17.0
17.5
16.95
17.4
16.46
17.04
16.44
17.71
19.29
17.27
17.43
17.98
17.57
16.99
17.49
17.18
17.51
16.65
16.63
16.72
17.81
17.88
16.95
17.29
17.79
17.18
16.46
16.75
17.07
18.69
16.65
19.31
16.32
15.99
17.78
16.38
16.23
17.16
16.88
17.88
16.75
16.59
17.74
16.03
17.5
16.63
15.87
16.0
16.41
16.01
19.67
18.21
16.34
17.25
16.36
18.91
16.05
16.42
17.01
18.43
16.85
16.92
16.12
16.68
16.62
16.53
16.6
18.68
16.09
18.28
17.79
19.12
17.59
16.95
17.35
17.44
17.87
16.98
16.71
16.7
17.02
17.32
16.6
17.58
17.11
17.74
16.35
17.56
17.44
17.44
16.64
17.79
18.47
18.53
18.21
18.62
17.77
18.93
19.56
16.37
18.77
17.41
17.91
17.66
16.88
17.44
18.42
17.38
16.61
17.62
17.93
17.0
16.65
16.91
18.48
17.69
18.64
16.99
18.25
17.34
17.4
18.76
17.06
18.22
19.08
16.93
16.85
17.86
18.65
19.09
17.2
19.39
17.1
16.57
16.04
16.18
16.55
16.02
17.87
19.0
17.22
17.01
16.27
16.41
16.08
16.64
16.27
16.18
16.09
16.19
16.22
15.93
15.88
16.65
16.84
17.62
17.74
17.71
16.51
16.74
16.8
16.37
17.39
17.47
16.23
16.97
16.24
18.84
17.76
16.28
17.11
16.85
18.75
16.52
16.66
16.28
16.49
16.8
16.04
16.09
17.3
19.5
18.73
17.58
17.19
17.15
16.52
16.93
16.89
17.75
16.95
17.0
16.35
17.1
16.21
16.91
16.25
16.99
17.02
18.18
16.5
18.42
16.62
16.89
17.03
18.66
16.7
16.61
17.05
19.61
17.66
18.73
16.73
17.21
16.13
16.64
15.99
16.33
16.21
16.9
16.76
17.17
16.14
15.95
16.04
16.03
16.51
16.84
16.43
17.05
16.98
18.6
18.42
17.27
16.86
17.64
16.71
17.16
17.9
17.09
17.45
17.1
17.91
17.75
17.67
18.9
17.27
17.09
16.99
17.22
17.55
16.57
17.31
15.78
17.78
17.7
16.3
15.94
16.85
16.16
16.52
17.22
17.87
16.96
16.67
17.5
17.54
17.72
16.7
18.3
16.51
16.74
17.15
18.58
17.66
16.64
18.12
17.68
18.45
17.25
17.23
18.06
17.84
17.38
17.14
16.87
17.09
16.51
17.94
16.5
17.52
16.75
17.32
18.3
18.18
17.87
19.17
18.65
16.65
17.13
16.59
17.44
17.4
18.06
17.15
17.52
17.24
16.09
16.95
16.84
16.89
18.0
17.07
17.27
19.0
16.59
19.76
18.18
17.61
19.86
17.27
16.91
17.38
17.84
18.31
17.25
17.25
16.84
16.69
18.41
17.7
17.55
17.3
16.64
16.8
17.05
17.21
17.05
16.64
16.6
17.08
17.22
17.1
17.0
16.78
17.03
16.99
18.22
17.48
17.13
18.39
17.95
17.99
18.41
17.31
16.97
17.3
17.08
17.1
16.99
17.78
17.49
17.86
16.01
17.91
17.01
20.19
16.97
16.63
16.3
16.33
16.69
16.03
16.75
17.62
19.5
17.21
17.74
17.7
17.58
17.78
16.51
17.84
18.26
18.45
18.65
17.36
17.61
18.03
17.41
18.38
17.33
19.45
16.41
17.27
17.16
18.38
17.51
20.28
19.05
17.96
17.63
18.75
19.37
18.11
17.61
17.09
16.58
18.12
17.43
18.19
16.59
16.71
17.49
17.09
18.49
17.51
17.34
18.15
16.31
17.68
16.95
19.36
17.07
19.1
16.53
17.45
19.95
18.0
18.53
17.7
19.5
18.27
18.31
17.75
18.91
17.41
16.7
18.49
19.57
18.4
17.55
16.75
16.36
18.24
19.06
17.4
18.53
17.35
18.77
19.72
18.08
19.32
16.83
18.52
17.6
17.86
17.77
18.74
19.27
18.44
18.04
17.71
17.19
18.23
18.16
18.63
18.05
19.87
17.33
16.96
17.82
17.27
17.34
18.95
17.35
16.62
17.57
18.27
19.16
17.69
17.45
16.3
19.61
17.35
16.95
16.66
16.7
17.61
21.29
17.81
19.22
17.88
18.65
17.5
18.16
18.27
18.71
18.17
18.19
16.9
17.48
16.75
16.32
16.79
17.75
16.96
16.73
17.58
17.08
17.85
16.95
17.18
16.35
17.94
16.2
16.25
16.81
17.11
18.47
18.14
17.5
17.66
18.71
17.62
17.09
18.37
18.43
18.95
21.05
18.08
17.3
16.73
16.81
17.79
17.96
18.27
18.63
18.62
16.87
16.78
17.87
18.03
19.28
16.85
16.57
16.83
16.98
17.26
17.42
17.47
16.71
20.09
18.34
18.68
17.55
17.07
18.48
17.45
17.6
18.62
16.9
16.97
17.12
17.37
19.6
18.08
18.29
17.78
17.49
17.53
18.45
17.24
17.22
17.89
17.44
17.8
17.72
17.77
18.02
16.84
18.02
18.25
17.72
17.07
18.19
17.21
17.12
19.84
17.65
18.27
17.39
17.14
19.53
17.12
17.57
18.08
17.65
17.01
17.49
18.61
17.27
16.53
19.23
17.43
19.17
16.97
19.01
16.64
18.04
17.17
19.0
17.72
16.95
19.95
17.79
17.54
17.76
18.24
19.71
17.36
17.27
16.28
18.09
18.52
18.1
17.83
16.65
16.06
16.67
17.0
17.52
17.12
18.73
16.82
16.13
16.68
16.83
16.49
16.11
15.86
16.61
16.58
18.07
19.35
19.59
17.77
17.35
18.17
19.04
18.84
18.24
17.37
17.64
19.33
17.27
17.08
17.71
17.89
17.5
17.46
19.51
17.98
17.23
18.52
16.28
17.65
18.82
16.61
16.52
16.12
15.74
15.95
16.81
16.58
16.54
16.49
16.35
16.25
16.54
16.49
16.7
16.6
16.46
16.79
15.99
16.24
16.2
16.29
16.16
15.93
15.87
16.39
16.14
15.8
17.18
16.87
16.86
15.87
15.81
17.19
16.41
16.04
16.34
16.35
16.28
16.33
16.68
16.69
15.93
17.06
16.22
17.2
16.61
16.56
16.27
17.3
16.73
17.33
17.47
16.37
15.49
16.07
17.63
15.67
17.56
16.43
17.37
16.45
16.19
16.32
17.17
17.47
16.4
16.91
16.3
16.34
17.32
16.64
16.07
17.21
16.1
16.01
17.58
16.18
15.95
16.59
16.51
15.56
16.27
16.08
16.15
16.58
15.91
16.05
16.11
15.94
15.73
15.65
17.27
16.31
16.81
16.74
16.24
16.92
16.25
16.14
16.66
16.26
15.68
16.08
16.48
15.71
16.28
16.51
16.27
16.85
16.38
16.65
17.59
16.92
16.22
17.05
17.17
16.36
16.42
16.98
17.25
17.49
16.35
15.79
16.45
16.53
16.0
16.25
16.47
16.86
16.11
16.9
16.32
16.04
16.15
17.32
16.9
19.18
16.64
16.33
17.62
18.0
16.38
17.28
16.22
16.09
16.19
15.89
16.59
16.28
16.3
16.21
16.96
16.69
16.27
16.13
16.3
16.83
16.92
16.5
16.87
16.6
17.26
17.23
16.26
16.67
17.62
16.49
16.61
16.78
17.07
16.44
17.06
16.57
16.42
16.67
17.11
16.3
16.53
17.98
17.35
17.54
17.14
17.55
17.0
17.35
16.71
17.63
16.84
18.47
18.57
17.94
17.76
16.88
18.17
17.07
16.85
16.76
16.96
16.75
17.33
17.71
17.73
16.26
17.05
16.91
16.79
17.73
17.61
17.64
17.76
17.96
16.83
18.31
16.8
17.13
18.37
17.56
16.61
18.49
17.11
17.64
17.16
16.57
17.1
16.97
16.15
17.27
17.98
16.57
17.09
17.13
17.11
17.61
17.57
16.89
17.3
18.65
17.62
17.02
17.34
18.18
17.33
17.6
17.31
16.79
16.39
17.77
17.18
17.31
17.53
19.0
19.51
17.45
18.04
18.71
16.47
18.11
17.48
17.38
17.79
16.83
17.6
17.65
17.11
17.24
17.61
18.39
17.85
18.4
17.0
17.77
17.31
18.21
18.49
16.73
18.07
16.94
18.33
18.87
16.81
16.54
17.45
16.88
17.54
17.3
17.53
17.7
16.45
18.05
16.64
16.84
17.31
17.44
17.18
17.02
16.51
17.08
17.92
17.59
18.19
16.99
16.93
17.25
16.93
18.01
16.58
19.24
17.38
17.19
17.6
16.89
17.16
17.62
16.79
17.46
17.15
17.26
17.07
18.84
17.93
19.05
17.48
17.15
17.31
17.1
17.04
17.27
17.64
17.24
17.08
17.4
19.26
17.6
16.93
16.68
17.37
16.47
16.9
18.11
17.14
16.81
17.56
17.5
16.54
18.03
17.73
17.65
17.11
17.46
16.64
17.46
19.32
18.12
18.32
17.24
17.24
17.66
16.7
18.61
16.64
17.05
17.01
16.98
17.26
16.45
16.98
17.13
17.78
17.74
18.91
17.19
17.55
17.03
17.28
17.58
16.26
17.41
16.98
17.36
17.34
17.12
16.98
16.31
17.25
17.04
17.62
17.28
16.39
17.02
17.04
16.85
17.03
17.35
16.58
16.86
17.08
17.32
16.67
17.16
17.42
18.1
18.64
18.18
17.3
18.53
17.76
16.76
16.93
17.12
16.78
17.67
17.94
16.66
17.22
17.08
17.07
18.53
16.17
18.54
17.36
17.64
18.55
16.93
17.51
16.46
18.23
17.62
18.75
17.87
19.7
16.58
17.21
17.01
17.08
16.81
18.14
16.86
16.87
17.28
17.03
17.35
18.04
17.76
16.99
17.56
17.22
16.61
16.51
16.67
17.09
18.05
17.2
17.31
17.01
17.89
17.08
17.75
16.95
17.93
17.5
17.78
17.64
17.56
17.27
17.61
17.61
17.95
18.08
18.62
19.11
16.54
18.03
16.63
17.16
18.08
17.66
17.36
18.21
17.84
18.22
18.09
17.99
17.42
17.86
18.21
18.96
17.47
17.86
18.98
17.65
17.64
17.76
17.81
16.96
17.17
17.88
17.98
18.31
18.29
18.94
17.11
17.76
19.1
18.31
17.59
18.07
18.12
17.66
18.72
18.8
18.72
17.77
18.74
17.32
18.09
17.38
16.49
17.72
19.01
19.34
19.32
17.77
17.74
18.82
17.29
19.44
19.68
17.83
19.93
18.28
17.75
17.49
17.97
18.62
17.08
17.57
17.55
17.7
17.53
17.09
17.41
18.03
18.06
18.62
18.2
18.15
17.52
16.91
16.24
18.6
17.97
17.55
17.08
17.4
17.9
18.34
18.63
17.54
16.98
17.42
17.43
19.21
17.92
17.54
17.11
17.95
17.06
17.42
16.98
17.07
16.91
17.36
18.13
17.59
17.19
16.51
17.2
16.85
17.65
17.13
16.82
17.21
17.52
18.08
17.4
16.27
18.63
18.74
17.44
18.05
17.3
17.61
16.81
17.27
17.45
17.66
17.6
17.2
16.83
17.71
18.29
17.75
17.39
17.12
16.91
17.38
18.32
16.98
18.39
17.82
17.64
18.37
17.64
17.61
18.19
18.36
19.14
17.39
17.64
17.41
16.81
17.58
18.09
17.14
17.9
17.99
16.89
17.2
17.55
17.12
17.01
17.24
17.47
17.28
17.29
17.51
17.52
18.0
18.33
18.09
17.77
17.22
17.52
17.72
17.69
19.42
19.65
18.46
17.72
17.26
18.77
18.95
19.25
16.85
17.73
18.81
18.35
18.09
18.38
17.7
17.91
19.06
17.61
18.23
17.26
16.85
19.71
18.17
17.49
18.89
20.89
20.45
18.66
18.81
19.06
17.91
17.98
17.24
18.28
16.87
18.43
17.54
19.31
19.17
18.59
18.88
17.36
18.25
19.27
18.32
20.22
17.07
17.35
16.75
19.23
19.66
17.63
18.61
18.99
17.64
18.78
19.47
17.1
18.23
17.05
18.28
18.43
19.51
17.94
17.78
17.16
17.75
18.03
17.98
18.67
18.69
19.0
17.27
17.5
19.16
18.73
18.19
18.19
17.29
16.88
17.21
18.7
16.89
17.83
17.59
19.88
18.71
18.65
18.33
18.17
18.66
19.67
18.32
19.06
17.71
18.96
17.96
18.06
20.35
17.95
17.33
18.73
18.75
18.35
18.8
18.8
18.19
19.23
17.82
17.61
19.47
18.41
18.76
16.99
18.52
19.13
17.7
19.52
17.5
18.66
18.19
18.17
18.83
18.59
18.29
18.16
18.18
17.32
18.46
19.05
18.76
17.55
20.05
18.14
17.06
18.68
18.05
17.72
17.69
18.96
16.78
18.68
17.67
20.12
16.86
17.34
19.49
16.37
17.18
18.33
20.89
17.59
18.11
17.53
17.8
17.1
18.23
18.7
17.31
17.66
18.42
18.34
17.99
18.96
17.79
17.48
17.62
17.49
17.79
18.27
18.93
17.84
17.65
18.31
18.74
17.1
17.36
17.95
17.12
16.88
17.25
17.34
19.4
17.36
16.84
17.38
19.13
17.51
17.53
18.88
17.3
17.93
19.62
18.26
18.34
18.65
17.75
17.78
19.08
20.82
18.64
19.07
18.41
18.48
19.11
18.72
16.98
16.43
18.16
18.17
18.09
18.77
16.64
19.09
19.2
18.26
18.08
19.34
17.91
18.77
17.11
19.47
18.93
16.81
17.68
16.87
16.81
17.78
18.59
18.9
17.24
19.24
19.17
17.75
17.47
17.26
17.41
17.39
17.4
17.78
16.13
18.11
18.37
17.62
16.84
18.87
16.94
18.93
19.93
18.44
17.38
16.86
17.49
16.93
16.79
17.31
15.72
15.94
17.79
18.47
17.16
17.24
16.92
18.52
18.06
17.12
17.52
18.26
19.52
18.78
17.67
17.68
18.66
18.39
17.37
18.59
17.35
18.61
19.29
17.89
18.32
17.36
19.73
17.26
17.86
18.4
18.0
18.07
18.69
19.11
17.12
18.51
18.65
17.8
17.24
17.71
17.24
18.44
17.63
17.86
17.87
18.2
19.06
17.32
17.35
18.09
18.41
16.8
17.02
19.17
18.28
18.19
17.28
17.8
18.32
18.59
18.69
17.4
17.77
17.88
16.93
18.75
19.23
16.83
17.04
18.36
19.47
18.89
19.68
17.18
19.29
19.49
19.42
18.86
18.7
18.45
18.51
18.43
19.21
18.5
18.82
19.54
18.14
18.94
19.42
18.54
19.82
19.68
18.4
17.7
18.87
19.11
18.21
17.79
18.66
18.78
16.85
16.79
16.41
16.5
15.99
16.15
17.44
16.3
18.11
17.53
16.47
15.6
16.08
15.89
17.15
15.86
17.64
16.26
16.27
16.03
15.94
16.82
16.31
16.95
16.06
16.49
15.93
16.57
17.66
17.46
17.14
18.31
17.09
17.92
16.43
17.16
18.07
16.35
16.56
16.9
16.88
17.63
18.93
17.19
16.74
17.59
17.7
16.32
16.37
18.34
17.53
18.21
17.28
17.33
17.64
18.23
16.58
16.61
17.29
16.58
16.88
16.95
16.04
16.43
16.64
16.2
17.46
16.97
18.63
17.77
17.37
17.87
18.49
17.41
16.55
16.23
17.54
17.18
16.43
16.35
16.06
16.77
16.76
17.88
16.13
17.16
17.15
16.86
16.93
17.16
17.9
16.31
16.45
18.27
16.61
17.36
17.58
17.42
16.25
17.74
16.78
15.9
16.48
16.17
16.14
16.42
17.71
15.71
16.33
16.58
16.49
17.33
16.04
16.82
15.63
16.01
17.63
16.14
16.39
15.89
17.43
16.49
16.33
16.96
16.71
16.24
16.91
17.01
16.29
16.0
16.93
16.72
16.29
16.55
17.1
16.63
16.34
17.17
16.59
16.77
16.47
16.32
16.49
16.61
16.72
16.21
16.22
16.84
16.55
17.05
16.18
16.29
15.93
16.93
15.8
16.51
16.91
16.69
16.49
16.92
16.47
16.16
16.39
16.36
16.98
16.55
17.23
16.24
16.03
15.97
16.51
16.58
16.45
16.89
16.92
16.62
16.43
16.97
15.93
16.21
16.78
16.18
16.84
16.26
16.72
16.57
16.3
16.53
17.56
16.48
15.67
15.72
16.39
17.04
17.69
15.96
16.03
17.13
16.17
15.88
16.9
18.26
16.37
16.01
15.87
16.01
16.77
16.28
15.94
16.24
16.35
16.53
16.07
16.1
15.95
16.23
16.14
16.66
15.88
16.09
16.53
16.92
16.53
16.27
16.87
16.56
16.83
16.53
16.19
16.27
16.73
15.95
16.51
16.11
16.37
17.47
16.68
16.71
16.64
16.39
16.42
15.98
16.74
16.27
16.3
16.2
16.46
16.53
17.25
16.77
16.23
16.3
16.5
16.96
17.09
16.77
17.09
16.18
16.67
16.55
16.13
18.27
16.24
16.71
16.65
16.96
16.26
16.06
16.27
16.7
16.07
16.55
16.44
16.3
16.2
16.1
16.84
16.85
17.06
17.08
16.52
17.08
15.72
17.09
16.43
16.29
16.71
17.87
16.4
16.28
16.97
17.29
16.14
16.78
16.41
16.39
16.17
16.59
16.7
16.18
16.61
16.4
17.19
16.21
16.23
16.66
15.87
16.43
16.07
16.21
16.37
16.71
16.6
16.66
15.97
16.52
16.19
16.92
16.52
16.01
16.36
17.01
16.93
16.31
16.35
16.36
16.55
15.68
16.38
16.4
17.24
17.03
16.5
16.25
15.95
16.46
16.21
16.1
16.06
17.18
16.92
16.31
16.64
16.05
16.09
15.87
16.68
16.85
16.06
16.79
16.39
16.97
16.48
16.7
16.68
16.61
16.34
17.27
16.62
17.3
16.81
16.32
16.21
17.43
16.51
16.43
16.53
17.15
17.01
17.33
16.47
16.45
16.27
16.48
15.67
15.76
16.91
16.7
16.48
15.88
15.9
16.7
16.53
17.25
17.05
16.64
17.17
16.25
16.34
16.66
16.38
16.93
16.26
16.76
16.13
16.36
15.97
16.17
16.83
16.43
16.11
16.18
16.22
16.42
16.19
16.79
17.03
16.53
16.67
16.35
15.92
16.13
17.09
16.9
16.39
16.93
16.28
16.75
16.21
16.94
16.5
16.46
16.09
17.06
16.46
16.62
16.48
17.77
15.81
16.54
16.58
15.97
16.69
16.43
16.31
16.48
17.02
16.33
16.61
16.12
16.27
16.74
16.83
16.9
16.55
15.93
16.67
16.64
17.03
16.53
16.69
16.85
16.32
16.13
16.19
16.36
16.08
16.53
15.99
16.52
16.27
16.96
16.59
16.78
16.32
16.34
16.28
17.13
16.3
16.15
16.2
16.9
16.28
16.57
16.95
16.43
16.51
16.44
16.4
16.42
17.06
16.75
16.26
16.89
17.2
16.53
15.94
16.36
16.17
16.68
16.36
17.35
16.03
16.82
16.38
16.11
15.99
16.56
17.0
16.57
16.65
17.2
16.29
15.98
16.39
16.06
16.15
16.36
16.61
16.5
16.74
16.97
16.11
16.76
16.01
16.16
16.51
16.22
17.0
17.98
17.4
16.35
15.82
16.77
16.57
16.48
17.13
16.55
16.41
17.03
16.41
16.85
17.32
16.4
16.67
16.2
16.15
16.46
16.25
16.15
16.7
16.82
17.41
16.15
16.81
17.22
16.94
16.9
16.69
16.36
16.28
16.65
16.93
16.59
16.58
16.71
16.61
16.2
16.97
16.84
16.5
16.26
17.02
17.13
16.53
16.15
16.68
16.28
16.41
16.73
16.94
16.66
16.25
16.91
16.44
16.94
16.7
17.18
16.68
16.07
16.58
16.51
16.58
16.32
17.02
16.68
16.32
16.99
16.06
17.18
16.83
16.18
17.03
16.71
16.15
16.8
16.53
16.08
16.29
16.0
16.32
16.57
16.95
16.04
16.75
16.35
15.8
15.94
16.7
16.12
16.37
16.41
16.71
15.81
17.26
17.32
16.56
16.68
16.42
16.22
17.07
15.91
17.26
16.4
16.47
16.83
16.65
16.49
16.73
16.5
16.38
16.34
16.17
17.07
15.97
15.66
16.35
16.06
16.8
15.94
16.64
15.96
17.5
16.12
16.07
15.8
17.52
17.49
16.49
18.17
16.06
17.27
16.97
17.06
17.3
16.56
16.39
16.62
16.29
18.0
16.45
15.97
17.59
16.38
16.21
16.64
15.98
16.66
16.64
17.1
16.68
16.88
16.36
16.65
16.46
16.62
17.36
17.19
17.26
16.63
16.92
19.83
18.28
16.06
16.84
15.9
16.65
16.39
16.2
18.58
16.06
16.62
16.77
16.23
17.15
16.37
16.63
16.26
16.6
15.69
16.99
16.09
16.35
16.4
16.73
17.61
16.59
19.06
17.24
16.85
16.26
16.63
16.93
16.29
16.72
18.18
16.3
18.14
16.88
17.66
17.87
17.27
17.16
17.4
17.61
17.51
17.24
16.33
17.04
16.62
17.01
17.44
17.61
17.49
17.57
16.81
17.19
17.25
18.68
17.21
18.11
16.53
17.51
17.26
17.79
16.36
17.58
17.2
17.62
16.95
17.86
17.64
17.61
16.97
16.52
17.42
16.88
17.88
17.16
17.67
17.25
17.63
17.65
17.88
16.43
17.73
17.03
17.17
17.59
16.68
17.13
17.34
16.59
17.34
17.36
17.03
18.58
17.03
17.61
16.77
16.91
17.62
17.52
16.84
17.82
17.55
17.37
17.25
17.39
17.34
17.02
16.95
17.35
17.49
16.72
17.01
17.99
17.43
17.72
17.32
17.35
17.77
17.1
16.16
17.57
17.63
17.4
17.23
17.07
17.26
18.07
17.47
16.9
17.77
17.88
17.17
17.49
17.31
16.64
17.55
17.2
17.16
17.53
17.3
17.83
17.65
16.62
17.62
16.5
16.92
16.88
17.4
17.22
17.89
17.57
17.15
17.97
16.94
18.38
16.96
17.22
16.71
17.01
17.62
17.02
18.03
17.18
16.68
17.19
17.33
17.57
17.46
17.98
17.38
17.51
17.32
16.64
17.06
16.57
17.61
17.02
17.42
17.83
18.67
17.34
17.72
19.4
17.72
17.93
17.28
18.36
18.25
17.7
17.59
16.93
17.81
17.37
17.36
17.0
17.82
17.06
17.19
16.82
17.38
17.04
17.55
17.42
16.72
17.26
17.21
18.93
17.14
16.72
16.85
17.45
17.47
16.78
17.38
17.0
18.12
16.88
17.82
16.86
17.18
16.69
17.22
16.99
17.27
16.44
17.22
16.78
17.5
16.94
17.56
16.71
16.98
17.41
16.78
19.08
17.17
16.75
17.8
17.81
16.56
17.43
17.65
17.1
17.38
17.9
16.8
16.88
16.63
17.22
17.56
17.45
17.12
17.96
17.43
17.42
17.23
17.33
17.62
17.09
17.0
17.42
17.88
17.16
17.84
17.21
17.51
17.37
17.14
17.8
17.28
16.66
17.38
16.93
16.78
18.25
18.07
17.16
17.31
18.09
16.7
17.77
17.78
17.56
16.49
17.65
17.56
17.05
17.7
17.85
17.44
17.02
17.73
17.62
16.98
17.0
18.06
16.43
17.85
18.27
17.2
17.84
18.44
17.36
17.89
17.25
17.58
16.8
16.44
17.45
16.87
16.87
16.64
18.0
17.41
16.73
17.38
17.45
17.1
16.25
16.42
16.34
16.72
16.0
17.65
16.28
16.48
16.78
17.42
16.5
15.99
16.25
16.71
16.45
16.86
16.47
16.32
15.94
16.05
15.93
16.27
16.12
16.38
16.32
16.61
16.27
16.27
16.85
16.06
16.77
16.36
16.63
17.29
16.76
16.04
16.45
17.72
16.62
17.92
16.73
16.83
16.94
17.48
16.75
16.37
17.55
17.04
16.75
16.42
16.26
18.78
16.76
17.18
18.07
18.55
16.1
16.18
16.0
16.17
16.08
15.71
16.2
16.02
15.88
16.48
16.54
16.23
16.17
17.76
16.36
17.23
16.32
16.56
16.08
17.22
16.7
16.05
16.29
16.77
16.31
17.78
17.26
16.31
16.71
16.99
16.06
16.53
16.96
16.73
16.89
18.04
16.04
17.63
16.49
15.94
16.66
16.98
17.17
18.33
16.33
17.49
16.83
16.22
17.24
16.66
18.01
16.02
16.31
17.18
16.23
15.9
16.24
16.21
16.94
16.47
17.83
16.33
17.14
16.78
16.06
15.83
16.36
16.19
16.24
15.93
17.11
16.43
17.1
15.7
16.86
16.16
18.26
17.81
16.98
17.8
18.11
16.49
18.36
16.57
17.93
16.26
16.29
16.06
15.75
17.72
16.66
18.0
17.66
18.38
15.97
17.99
17.2
18.22
17.29
16.86
16.91
17.8
17.7
16.14
18.52
17.41
16.9
17.31
16.6
17.6
16.63
18.15
17.8
17.04
17.36
16.21
17.99
17.31
16.79
17.59
17.95
17.45
19.08
17.62
18.33
18.06
15.56
16.73
16.7
16.78
18.12
18.65
18.74
18.12
19.72
17.11
17.09
19.03
18.93
18.5
17.82
17.75
17.02
18.25
17.03
17.23
18.15
18.82
18.78
18.35
19.82
17.17
19.45
18.49
19.02
17.72
17.11
17.66
17.77
17.99
19.85
17.65
19.51
18.7
16.81
17.31
19.4
19.37
16.7
16.99
16.85
16.64
17.41
17.68
17.2
18.55
17.95
17.09
18.83
17.07
16.74
18.21
16.81
17.93
17.06
16.26
17.63
15.89
17.68
16.51
18.33
19.6
19.44
20.77
19.39
17.29
17.31
18.0
16.56
17.39
17.0
16.93
18.19
17.13
18.33
17.33
16.94
17.1
17.0
17.23
17.97
17.41
18.15
16.67
18.28
17.47
17.21
16.85
18.04
17.29
17.32
18.37
17.79
17.79
17.3
17.08
16.62
17.73
16.77
16.88
17.25
17.59
16.98
17.26
16.72
16.62
17.36
17.35
17.05
17.58
17.3
17.44
17.44
18.53
18.5
16.68
18.4
19.02
16.8
17.59
16.43
16.89
16.81
17.41
17.7
17.07
17.02
16.21
16.39
16.85
16.53
18.03
16.9
17.2
17.51
16.37
17.13
15.99
16.53
15.97
16.5
17.38
17.25
17.33
18.12
18.57
16.71
16.83
17.17
18.85
17.7
19.15
19.36
17.78
16.75
18.84
18.18
18.34
16.85
17.79
18.59
18.17
17.93
19.23
17.84
18.89
19.14
18.7
18.36
17.48
17.74
17.25
17.15
16.82
18.68
18.28
16.77
18.94
17.15
16.67
17.6
16.36
16.47
17.12
17.95
18.43
18.21
18.25
20.24
20.88
18.29
18.56
16.04
17.91
17.31
18.53
17.43
17.99
18.49
16.58
17.51
17.85
16.37
16.82
18.23
16.98
17.65
17.57
17.14
17.14
17.48
17.37
17.49
18.47
17.67
16.96
17.59
17.36
16.64
17.64
17.14
18.02
16.43
17.86
17.29
16.6
16.17
16.73
17.06
16.35
16.93
16.83
16.9
17.42
17.33
17.24
16.41
16.78
17.94
17.0
17.24
17.89
17.45
17.85
16.58
16.88
16.89
16.38
17.26
16.49
16.9
16.54
16.37
15.8
17.5
17.34
18.03
17.08
18.58
18.93
18.45
17.5
17.76
18.34
17.1
18.97
16.9
17.02
17.55
17.7
17.94
19.52
18.35
19.0
16.32
17.63
16.61
18.29
19.17
17.94
20.09
17.08
16.76
16.91
17.2
16.86
19.06
19.04
18.43
19.76
18.75
18.13
17.83
17.22
19.1
17.7
18.14
17.17
18.24
18.61
18.34
19.11
19.12
18.74
18.45
17.83
17.11
19.09
17.66
18.03
20.45
18.13
18.29
18.93
20.18
17.0
18.97
17.81
18.63
18.93
18.11
18.19
19.68
20.33
19.06
18.02
19.9
19.38
18.36
18.81
18.39
18.56
19.29
17.58
17.27
19.49
19.41
18.43
19.26
18.3
20.73
19.46
20.0
17.63
18.8
17.5
19.91
17.25
19.03
19.12
19.28
19.79
19.19
18.01
16.72
18.19
18.68
20.74
19.22
18.59
18.75
19.23
18.32
18.28
19.4
20.09
18.34
19.83
19.04
18.76
18.48
18.73
18.26
17.79
19.34
16.79
20.14
20.75
18.54
17.86
20.07
19.4
21.9
17.75
17.31
18.41
19.71
18.96
18.55
19.02
20.9
20.76
19.05
18.92
18.23
18.84
19.79
20.32
21.64
19.39
19.49
20.57
18.27
19.03
18.08
19.02
18.38
20.24
18.86
18.2
18.59
18.62
18.71
17.53
17.75
18.06
20.28
19.27
19.77
18.44
20.81
19.38
18.15
19.33
18.49
18.96
18.02
17.16
18.21
17.03
18.35
17.75
19.25
20.27
18.85
18.29
17.86
18.57
20.42
18.4
18.45
17.83
19.62
19.41
18.34
18.83
18.17
19.45
18.02
20.72
18.87
19.92
18.8
20.44
17.81
18.25
19.15
17.53
17.75
19.58
19.22
17.26
20.32
19.49
19.33
19.25
20.97
20.79
21.56
18.8
18.18
18.9
17.9
20.24
18.47
18.18
18.6
21.45
18.4
17.75
19.66
21.39
17.91
17.46
18.68
18.01
20.71
17.13
19.24
16.82
17.81
18.36
18.65
18.01
19.26
17.39
19.7
17.41
17.88
19.01
20.52
18.06
18.52
20.03
20.61
17.91
18.43
17.03
18.67
20.19
19.96
18.5
17.87
22.13
19.85
16.88
20.84
20.93
20.95
19.74
16.77
18.2
19.57
19.68
17.34
19.22
20.53
17.25
16.59
22.06
20.9
20.23
19.89
19.23
20.19
19.74
20.32
19.42
21.14
17.16
19.88
19.39
18.32
18.48
18.12
19.26
17.71
18.39
19.05
21.32
17.83
20.54
19.13
17.31
17.25
18.02
19.51
19.18
18.49
19.79
17.5
20.54
17.81
18.5
18.39
19.48
18.17
18.7
19.44
18.35
17.65
19.55
19.38
19.41
19.32
20.85
20.14
19.97
19.76
19.67
19.69
19.83
19.54
20.94
20.58
20.54
20.8
19.77
20.28
20.86
19.77
20.9
19.76
21.16
20.69
20.29
20.13
21.07
19.76
19.72
21.74
18.62
20.84
19.54
18.68
19.65
18.86
22.38
20.92
22.1
20.12
21.38
21.34
21.34
20.21
21.24
18.79
20.39
20.28
20.39
21.19
20.4
19.97
21.49
20.25
21.56
21.43
21.3
20.08
21.13
18.74
21.22
21.55
20.36
21.39
20.67
20.0
18.95
20.38
21.93
20.59
21.85
20.66
19.69
20.74
20.88
20.59
20.29
21.26
21.01
20.91
21.07
21.69
20.92
21.38
20.56
20.93
20.93
22.14
20.22
20.67
20.39
18.61
21.18
20.55
19.67
20.01
20.63
18.88
19.23
19.91
19.47
21.38
22.23
21.63
20.8
20.68
22.93
19.56
20.97
20.29
20.09
20.72
21.45
19.82
20.82
20.23
21.77
20.76
19.36
21.86
19.82
20.51
17.54
19.21
19.34
18.99
17.94
20.46
20.29
20.72
18.8
19.38
21.41
20.41
20.67
19.73
20.67
20.43
19.46
19.87
19.26
21.35
18.84
19.04
20.7
20.94
21.02
18.31
17.86
17.55
19.5
17.65
18.38
17.81
17.5
17.62
20.44
18.42
20.44
21.27
20.3
20.46
20.35
20.3
18.98
17.28
19.06
19.44
18.98
19.95
18.85
19.09
17.85
18.37
20.1
18.67
20.75
20.43
19.46
20.72
20.16
22.34
19.53
20.06
20.72
18.47
20.65
20.24
21.81
20.69
19.84
19.52
18.35
18.6
19.82
19.27
17.99
18.77
19.16
19.95
21.37
18.57
19.57
20.94
20.7
21.44
21.37
21.14
20.01
19.73
20.65
20.91
20.7
19.34
20.84
20.85
20.26
19.48
20.31
21.45
19.77
19.83
21.46
21.98
20.14
21.03
20.17
20.68
21.49
21.06
19.88
20.31
21.97
21.93
20.05
21.18
20.24
19.35
22.35
20.49
19.81
19.34
22.42
17.03
16.34
16.02
17.43
17.4
16.36
17.18
16.87
18.61
17.12
18.45
16.74
17.96
18.86
16.82
16.91
18.46
18.08
17.03
18.84
16.24
16.64
16.4
16.47
16.28
16.99
15.69
16.53
17.84
16.07
16.17
16.0
16.93
16.68
16.67
16.45
16.71
17.13
16.82
18.35
16.71
16.29
16.52
16.39
16.75
16.47
17.33
17.27
17.05
17.44
17.49
16.64
16.94
17.04
19.07
16.97
16.84
16.92
17.36
17.53
17.56
16.11
16.66
16.78
17.07
17.66
19.21
17.69
16.74
17.19
16.08
16.59
17.38
16.83
18.35
19.78
16.83
17.31
18.77
19.19
17.11
17.84
18.18
17.44
16.59
17.66
17.66
16.9
18.32
18.0
17.54
16.59
17.68
19.77
18.2
19.5
17.13
21.13
16.9
18.8
19.06
19.02
18.08
18.92
16.67
19.08
16.54
17.46
17.8
19.01
20.51
19.12
18.27
18.84
18.62
18.99
19.77
19.25
17.67
16.88
18.99
19.03
18.96
20.19
18.53
19.65
18.93
19.0
18.24
18.97
18.65
18.73
18.79
17.65
18.2
18.5
20.41
18.56
18.76
19.18
18.7
18.52
18.98
18.0
17.22
18.72
17.65
18.67
17.97
18.41
17.69
18.84
18.59
18.6
17.4
16.92
17.95
16.83
16.18
16.84
16.45
16.16
16.28
16.0
17.15
18.14
17.12
17.48
16.64
16.94
17.07
15.76
16.24
16.28
18.07
16.58
18.23
18.26
18.88
18.56
18.77
17.59
16.75
19.0
19.58
18.49
18.85
18.49
18.63
19.29
19.77
17.2
17.8
18.94
17.91
20.16
17.57
16.72
17.4
16.25
17.45
17.67
19.14
18.65
17.47
17.55
17.37
17.61
18.76
17.91
17.1
20.09
18.84
18.32
17.34
17.12
16.66
16.95
16.96
17.07
16.87
17.27
17.29
17.76
17.79
17.42
17.77
19.38
19.02
17.61
17.16
17.11
17.45
17.94
17.03
16.48
16.6
17.81
17.35
16.87
17.15
16.76
19.07
17.04
17.62
17.21
18.2
17.68
17.3
17.87
18.41
17.77
16.78
17.14
16.3
16.83
16.89
18.49
16.96
17.2
16.3
16.82
16.99
16.93
16.34
17.73
17.01
17.17
17.74
17.2
17.02
17.37
18.08
17.73
18.77
18.01
17.89
16.92
16.85
16.34
16.72
16.54
16.8
17.05
17.87
17.17
17.92
17.42
17.46
16.33
16.79
17.69
18.77
19.34
17.36
20.19
19.03
18.46
19.13
17.66
17.47
18.48
17.45
18.72
19.69
19.77
17.52
19.06
18.89
18.92
17.21
19.71
18.73
16.72
17.44
18.18
17.73
18.85
17.31
17.32
16.69
16.71
16.45
17.84
17.79
16.9
16.74
17.62
17.15
16.78
16.92
16.71
16.86
17.31
17.85
16.69
18.16
17.68
17.95
17.85
17.66
18.24
18.21
17.37
17.87
16.01
16.61
16.72
17.87
16.51
16.51
16.33
16.52
16.04
16.46
16.34
16.46
16.42
16.76
16.01
16.93
15.8
16.08
16.5
15.87
15.87
16.81
16.29
16.25
16.98
16.17
16.8
16.48
16.37
16.56
16.39
16.66
16.95
16.14
17.07
16.52
15.95
16.88
16.45
16.98
16.58
16.92
17.21
16.77
16.52
16.25
15.8
16.62
16.22
16.41
16.17
16.86
17.51
16.49
16.04
16.4
16.73
17.57
16.63
16.84
17.16
16.55
16.16
15.9
17.07
16.24
16.4
16.23
16.2
16.65
16.55
16.1
16.02
16.18
16.03
16.13
15.75
16.62
16.17
16.18
16.08
16.08
16.02
16.09
16.83
16.72
16.0
17.1
16.45
16.6
16.3
17.01
16.73
16.71
17.52
16.48
16.91
16.79
16.83
16.74
17.38
16.57
16.16
15.95
16.9
17.12
16.48
16.81
16.4
16.19
16.73
16.33
16.26
16.06
16.35
15.9
16.16
16.77
16.3
16.44
16.42
16.45
16.35
15.95
16.31
16.05
16.48
16.91
16.06
16.52
16.58
16.07
16.36
16.74
16.33
16.58
16.76
17.39
16.66
17.06
16.47
16.6
16.49
16.74
17.53
16.51
15.96
16.33
16.0
16.9
16.68
16.65
16.5
16.41
16.83
16.79
16.6
16.75
16.82
16.14
16.39
17.13
16.04
16.49
17.03
17.25
16.91
16.22
16.78
16.12
18.45
16.28
17.19
16.57
16.64
16.17
17.08
16.36
16.26
15.99
16.9
16.48
16.56
15.95
16.68
16.85
16.68
16.15
16.43
16.26
16.57
16.45
17.01
16.31
17.05
17.2
16.41
16.35
16.75
17.32
16.9
16.93
16.39
17.58
17.43
16.68
16.62
17.04
16.88
16.53
17.6
16.93
16.4
17.07
18.63
17.43
17.16
17.3
16.95
17.72
16.51
17.24
16.23
16.61
16.55
17.03
16.21
16.5
16.93
16.77
18.28
16.8
16.76
16.52
16.35
17.29
17.47
16.59
17.05
17.12
18.07
16.41
16.53
16.85
16.85
16.95
16.98
16.79
16.62
16.97
17.35
17.99
16.57
18.56
16.17
16.45
16.44
16.83
16.54
16.82
16.29
16.78
16.56
17.91
16.85
16.59
17.44
16.2
16.06
17.52
16.95
16.57
16.86
16.85
17.06
17.56
16.84
16.4
16.99
16.21
16.39
16.4
16.23
16.98
17.16
16.64
16.46
16.47
16.45
16.82
17.56
17.09
17.06
16.9
16.48
17.86
17.57
16.34
16.22
17.12
16.36
18.48
19.36
20.01
18.75
18.71
19.34
18.92
19.03
17.0
17.83
16.52
16.43
16.53
16.06
17.05
16.48
16.96
16.34
16.76
16.41
16.99
16.89
16.5
17.03
17.06
16.4
16.23
17.42
16.31
17.86
17.84
17.2
17.12
16.54
17.02
17.09
16.99
16.38
17.05
17.13
16.76
16.81
16.53
17.36
18.49
16.53
18.12
16.75
16.74
16.07
16.27
16.15
17.92
16.47
16.12
17.56
16.93
18.23
17.42
16.89
17.47
17.55
16.83
16.23
16.98
16.33
16.61
16.99
16.45
16.53
16.78
17.02
17.01
16.89
17.04
17.11
16.82
17.02
15.94
17.01
17.94
17.21
17.19
16.19
16.47
16.79
16.45
17.76
17.34
16.65
16.91
17.44
16.41
16.2
16.51
16.44
16.26
16.64
17.09
16.05
16.23
17.51
17.48
19.77
16.98
18.75
17.96
19.34
17.24
17.01
18.29
18.47
17.65
18.9
16.95
19.34
19.6
19.07
18.43
20.44
18.15
18.29
18.4
18.18
18.04
18.38
18.78
18.99
18.73
17.93
17.29
18.36
16.19
16.11
16.7
17.01
17.19
16.01
17.31
16.78
16.4
17.09
16.84
17.45
17.82
17.66
16.44
16.85
16.15
17.05
17.77
18.32
17.47
17.25
17.82
18.54
16.77
18.04
16.82
16.63
18.44
16.65
18.21
16.86
18.98
17.48
18.59
19.43
16.54
17.33
19.4
19.11
17.34
19.26
19.12
19.07
16.85
17.71
17.3
19.67
17.23
17.23
17.47
19.45
16.79
18.84
17.43
18.43
17.0
18.6
16.89
17.37
18.83
18.91
18.87
20.42
18.91
20.9
20.36
18.49
19.03
19.58
18.28
16.45
17.6
18.54
20.58
18.66
17.69
19.09
19.3
19.64
17.01
18.1
17.98
17.63
18.31
16.77
17.7
17.97
17.19
17.02
19.6
19.25
18.57
17.89
16.99
18.36
18.27
17.8
17.85
17.8
17.94
19.17
18.86
18.46
19.61
18.13
18.32
18.61
18.58
17.91
19.32
17.16
17.74
17.05
16.78
16.78
18.61
17.4
17.45
16.7
17.26
16.55
17.61
16.99
17.02
17.01
17.13
17.38
16.72
17.15
17.51
16.07
16.47
16.3
16.63
17.92
16.47
16.86
16.87
16.78
16.81
16.88
16.73
16.65
16.61
16.68
16.97
16.71
16.35
16.8
17.59
16.51
17.24
16.67
17.43
15.94
17.12
17.34
16.54
16.36
17.29
17.76
16.75
16.88
16.64
16.71
16.75
16.89
16.3
16.84
16.25
16.44
19.63
18.75
16.91
16.97
17.53
16.37
16.2
17.35
16.76
17.07
17.14
16.38
16.02
17.57
16.73
16.76
17.02
17.14
17.73
16.84
16.95
16.43
17.12
16.79
16.8
16.52
17.18
17.71
16.51
16.65
17.84
17.14
17.43
17.15
16.68
15.91
16.95
16.69
16.3
16.25
16.64
17.15
17.66
16.57
16.86
17.75
17.18
16.45
16.49
16.85
