16.45
17.71
18.24
16.83
17.33
16.99
16.96
16.66
17.99
16.08
17.76
16.51
17.39
16.7
16.05
17.47
16.82
19.29
15.79
16.6
16.62
16.25
15.81
18.54
18.61
18.13
17.9
17.16
17.05
17.92
19.43
17.74
17.73
16.58
16.65
18.12
16.69
17.67
17.11
17.47
17.36
16.72
16.48
17.11
16.24
16.88
17.7
18.24
17.91
16.6
18.2
18.08
16.96
16.64
17.25
16.59
18.02
17.79
16.68
17.94
16.02
17.69
17.18
18.07
17.15
17.18
18.09
18.41
17.2
16.97
17.9
18.12
18.18
17.86
18.0
17.98
17.86
18.66
16.53
16.78
18.24
18.34
16.76
18.48
16.47
16.88
18.6
16.71
16.7
17.02
16.37
17.45
17.44
17.94
17.83
18.69
16.9
16.17
17.51
17.61
16.15
16.98
16.42
16.88
18.43
17.72
17.39
17.71
17.8
15.87
18.0
17.47
17.7
17.18
17.17
16.13
16.78
18.42
17.3
17.61
17.84
16.25
16.2
16.67
17.34
17.27
16.53
17.07
17.25
18.12
16.64
16.1
17.05
17.41
17.63
17.04
17.98
16.15
17.1
16.95
18.34
17.1
16.95
18.33
15.97
17.0
16.74
17.05
16.78
18.02
16.21
17.1
17.63
17.24
17.41
16.46
16.66
16.1
17.48
16.55
16.52
16.11
17.11
16.27
17.56
16.73
17.24
16.28
17.8
18.0
17.82
15.91
16.9
16.93
15.33
17.8
16.22
16.15
16.25
16.49
17.15
17.69
16.54
17.54
17.94
17.24
18.57
16.45
16.85
16.61
16.5
17.77
16.59
17.97
17.14
16.92
17.66
16.39
16.87
17.65
17.33
16.58
16.54
17.2
16.42
16.91
17.97
17.69
17.99
17.96
16.62
17.52
16.73
17.1
17.97
18.49
17.72
17.31
17.69
16.58
19.47
16.6
17.26
17.15
16.34
16.93
16.1
16.65
16.18
17.08
16.78
15.78
16.24
16.05
16.93
16.82
17.37
18.41
20.67
18.89
16.09
16.91
16.01
16.25
16.89
16.61
16.9
16.53
18.52
18.25
19.59
19.68
17.1
18.49
17.53
16.33
16.57
19.28
16.53
16.29
19.03
16.54
16.46
17.51
17.05
16.38
16.34
16.59
16.11
16.32
17.84
17.01
16.67
16.55
17.0
16.87
18.07
16.3
18.79
18.09
19.14
18.31
16.78
16.84
16.78
19.07
16.39
16.39
17.31
17.57
16.44
16.16
17.97
15.84
16.82
18.49
16.61
16.42
17.52
17.0
17.48
19.17
16.89
16.8
16.9
17.5
17.19
16.34
16.96
16.98
17.55
18.27
17.59
16.76
16.17
17.66
18.39
16.11
17.88
17.46
17.59
17.08
17.7
16.69
16.36
16.87
16.33
16.26
16.97
16.71
16.34
17.99
16.83
16.54
16.81
16.59
17.28
18.41
16.98
16.67
17.12
17.76
17.69
18.12
17.51
16.53
16.87
18.13
17.95
18.38
18.18
16.86
18.46
18.06
17.17
16.87
18.4
17.49
17.88
17.86
16.35
17.28
18.19
16.31
17.01
16.94
17.79
16.38
16.18
18.75
17.99
16.44
17.62
17.62
18.8
16.54
17.71
17.28
17.16
18.11
16.63
16.69
18.4
18.18
17.52
17.95
17.44
18.23
18.26
18.31
17.14
18.67
16.86
17.52
16.32
17.01
18.04
18.49
18.27
16.92
17.54
18.07
16.73
16.62
18.11
16.92
16.17
16.54
18.01
17.73
17.22
17.11
18.09
18.15
16.85
17.09
16.69
17.41
16.71
17.6
18.44
17.28
16.58
17.95
16.94
16.98
17.17
17.35
16.77
18.45
18.15
17.99
16.7
17.01
16.65
18.01
18.08
18.13
17.13
16.98
17.27
16.42
17.54
18.6
17.72
18.49
18.3
16.54
17.97
16.82
17.19
18.16
18.52
17.02
18.79
17.6
17.89
16.78
17.03
17.41
19.03
18.68
19.59
17.61
18.08
18.11
17.71
16.5
18.5
17.73
17.87
18.07
16.27
17.41
17.36
17.86
18.28
17.51
17.99
17.95
18.28
18.31
17.87
16.53
16.33
16.48
16.8
16.38
18.94
18.54
18.69
17.04
18.25
16.67
16.34
18.07
18.14
17.55
18.04
18.64
18.22
18.18
17.57
16.81
16.22
16.7
17.32
18.36
18.37
18.29
16.83
16.97
17.36
18.51
17.06
16.89
18.17
16.83
17.58
17.28
17.68
18.17
18.96
17.75
18.15
17.56
18.16
17.68
18.13
16.55
18.15
18.08
18.75
17.93
17.58
16.3
17.31
18.59
17.33
17.94
16.98
16.54
18.65
17.2
17.44
17.36
16.4
17.27
18.5
17.61
18.16
17.89
18.53
17.67
16.84
16.73
17.1
16.88
17.98
18.81
18.56
17.64
17.45
16.97
16.99
17.87
16.14
18.61
17.71
17.6
18.11
17.9
16.92
16.73
17.44
19.49
16.88
18.39
18.63
18.48
17.6
17.25
18.5
17.94
17.93
17.56
18.33
17.4
19.87
18.44
18.05
17.1
19.06
18.0
17.27
18.02
19.75
17.51
18.58
18.96
20.75
18.3
17.0
19.07
18.9
18.57
17.76
18.36
19.18
19.6
19.86
19.59
19.14
20.29
20.26
18.8
19.84
20.63
17.63
19.13
18.67
19.09
19.76
20.36
18.67
19.71
19.58
19.69
18.64
19.61
18.51
18.0
18.55
21.7
17.53
16.17
17.29
16.88
18.06
19.76
20.02
18.28
18.43
18.89
19.01
19.71
18.72
20.02
18.01
20.0
18.97
19.32
19.34
18.82
19.27
18.85
20.64
20.58
19.14
18.54
18.83
18.77
19.0
18.68
19.54
18.71
18.94
20.65
19.27
19.9
19.73
20.71
19.1
19.27
20.59
18.31
18.72
18.27
18.05
18.76
18.18
19.35
19.04
19.29
18.96
20.33
20.46
19.28
19.69
19.62
19.3
21.74
21.31
21.35
18.81
20.62
19.12
19.27
18.63
19.42
18.7
19.95
19.27
19.16
19.88
20.28
19.24
19.47
19.62
19.47
19.52
17.19
18.98
20.11
19.32
19.2
19.86
20.27
20.08
19.22
17.45
19.27
16.62
19.43
19.82
19.62
19.73
18.5
18.72
17.85
18.36
18.58
18.88
17.93
19.26
20.05
19.52
20.19
18.8
19.14
19.65
17.84
19.4
19.07
18.68
18.43
18.67
19.06
17.73
18.86
17.97
19.25
16.36
18.55
17.82
19.32
18.96
19.24
17.23
17.32
18.84
18.96
19.12
19.48
19.51
16.86
17.93
18.86
19.03
19.0
19.32
20.01
18.82
20.68
20.49
19.29
18.99
18.73
18.23
17.54
18.95
18.51
19.65
19.19
19.02
18.83
19.03
19.6
17.19
17.13
17.41
17.39
17.17
20.05
21.01
17.74
20.81
16.92
19.42
16.6
20.46
19.14
18.54
20.07
18.65
16.99
19.73
18.05
18.12
19.76
20.26
19.19
19.47
17.21
17.54
19.24
20.23
18.53
20.81
18.85
19.08
18.92
18.55
17.25
19.56
18.45
17.75
18.21
18.5
18.57
18.78
18.14
18.95
19.55
18.19
20.35
17.85
19.48
18.32
18.88
18.77
17.78
18.86
20.21
21.11
20.28
18.85
21.18
20.0
19.91
19.66
20.69
19.89
19.65
17.95
16.83
20.23
17.93
18.6
19.23
17.07
18.37
18.7
19.13
19.3
19.67
18.82
19.31
18.48
19.61
18.7
19.4
19.2
18.79
19.26
19.32
20.36
18.4
19.58
18.77
19.01
17.05
18.55
18.39
18.36
19.1
16.97
19.82
16.77
19.45
17.98
18.22
17.77
17.6
18.36
18.72
17.75
17.86
17.4
20.07
18.83
19.62
20.51
17.78
18.87
21.34
20.78
18.72
19.04
17.04
16.91
19.91
20.15
19.26
20.04
16.82
18.42
18.69
18.78
19.72
18.28
19.04
20.1
17.08
20.05
20.3
19.84
19.25
17.92
19.22
19.89
17.26
17.39
19.3
20.45
17.01
18.53
17.4
18.57
16.81
18.15
19.71
19.31
19.8
21.24
18.35
18.77
20.42
18.36
17.32
17.54
19.3
18.78
19.98
19.81
19.64
19.46
19.21
18.87
19.7
18.24
18.9
19.13
16.68
18.32
19.29
18.39
18.71
17.18
18.9
19.0
17.78
19.04
17.88
18.59
19.31
19.27
17.34
19.65
17.84
19.12
19.66
18.98
18.94
19.19
18.1
17.17
17.33
19.72
16.92
19.12
19.34
18.92
17.01
18.63
17.0
17.75
16.71
18.29
18.16
18.08
17.51
16.5
18.27
17.39
17.7
17.6
17.38
18.04
17.77
18.26
18.27
18.2
17.89
18.25
18.17
18.09
16.85
16.98
17.95
18.53
18.28
18.33
16.94
18.54
17.35
17.12
16.97
17.81
17.3
17.9
17.44
18.01
17.41
16.45
18.1
16.75
17.98
17.08
16.98
16.28
17.4
18.21
17.53
18.4
16.17
17.42
16.46
17.53
17.33
17.56
17.73
16.33
17.64
16.93
17.65
16.49
18.08
16.88
16.57
16.69
17.35
17.97
17.07
17.97
18.81
18.29
17.66
16.49
18.86
17.48
18.09
17.75
17.48
17.73
18.13
18.77
18.03
18.04
17.81
16.92
17.11
17.47
16.33
16.91
18.31
17.0
18.57
17.83
17.83
18.18
18.77
18.42
18.89
18.21
16.89
18.57
17.15
17.24
17.33
16.3
16.92
17.15
16.74
16.47
16.7
16.49
17.58
17.61
16.43
17.35
18.39
17.23
16.31
17.09
17.34
17.02
16.23
16.34
16.46
16.35
15.72
17.79
17.49
16.48
16.28
17.05
16.45
16.29
16.64
16.43
16.77
16.48
16.42
16.36
16.37
16.92
16.84
16.66
16.46
16.12
15.98
16.94
17.19
16.57
17.23
17.37
16.57
16.59
16.34
15.9
16.25
17.22
16.29
16.74
16.21
16.98
16.36
16.23
16.72
16.57
16.74
16.76
17.51
16.25
16.86
16.25
16.72
16.12
15.88
17.14
16.37
17.16
17.54
17.51
17.2
16.44
16.2
16.76
17.12
16.15
16.44
16.39
17.64
16.76
17.2
18.58
18.41
18.34
19.14
19.07
17.14
17.97
17.5
18.08
18.66
18.79
19.24
18.41
18.21
18.13
17.41
18.84
17.55
16.21
17.93
19.85
18.59
19.05
16.94
18.96
18.09
17.24
16.91
17.75
18.37
17.5
16.79
16.62
18.68
17.88
17.14
17.42
16.26
16.73
17.59
17.31
17.09
18.13
17.22
18.49
16.73
17.34
16.7
17.52
16.41
17.6
17.11
16.91
16.51
16.56
17.95
17.18
16.56
17.53
18.09
17.19
17.07
17.33
16.43
16.65
17.72
17.1
16.7
17.1
16.78
17.47
16.57
18.12
16.58
17.24
16.31
18.28
16.72
16.89
17.71
15.99
16.52
16.61
16.19
16.67
17.8
16.83
16.48
17.35
17.59
16.08
17.43
16.0
16.3
18.09
15.79
16.61
15.99
16.48
15.98
17.94
16.81
17.37
16.15
15.99
18.66
16.9
16.34
18.87
18.43
18.47
16.69
16.87
18.56
18.24
17.99
16.79
17.07
18.14
16.44
18.46
18.25
17.84
17.77
17.72
17.73
16.68
16.36
16.05
17.6
17.36
16.96
15.99
18.47
16.79
17.13
16.76
16.79
16.78
17.49
16.64
16.98
17.31
16.77
16.58
17.11
19.97
18.12
16.79
17.12
17.6
17.2
18.12
16.42
17.17
16.37
17.21
17.97
16.95
17.04
16.96
17.02
17.97
17.69
18.78
16.88
16.79
18.34
16.57
17.48
16.82
16.93
16.91
16.98
16.51
17.11
18.9
17.79
17.04
17.5
16.56
16.44
17.86
17.35
17.76
17.51
17.43
18.1
18.23
16.75
17.15
17.77
17.24
16.58
16.69
17.66
17.56
17.15
17.2
17.52
17.39
19.0
17.57
17.57
17.21
17.59
17.19
17.14
16.44
17.38
17.44
17.11
17.6
16.43
17.41
16.3
17.76
17.03
16.88
17.14
16.19
16.43
17.75
16.06
17.12
18.17
16.8
17.24
16.71
17.52
18.22
17.82
17.37
16.77
15.99
16.74
16.39
16.66
17.19
18.09
17.79
16.84
17.72
16.86
16.82
17.91
17.31
17.02
17.61
16.55
16.77
16.07
15.94
17.34
17.49
16.44
17.4
17.85
16.65
17.3
17.64
17.74
15.84
16.8
15.73
18.24
16.26
16.76
17.82
16.2
16.42
16.34
17.07
16.64
16.26
17.96
17.01
16.13
16.66
18.84
17.37
16.24
16.06
17.56
16.94
16.04
16.11
16.41
16.72
18.11
16.42
17.22
16.2
17.44
16.19
18.29
17.64
19.38
16.46
16.54
16.69
17.6
17.27
16.51
17.45
15.94
17.06
17.66
16.24
16.3
16.48
16.41
16.25
17.13
16.44
17.46
16.35
16.7
16.62
16.95
16.36
18.01
17.63
16.07
17.1
16.75
17.42
16.25
17.78
16.41
17.88
16.51
16.8
17.68
18.41
20.13
16.4
16.33
16.83
16.72
16.27
17.1
18.54
16.66
16.42
16.69
17.01
16.39
16.0
16.65
16.73
18.48
16.57
17.98
17.74
16.58
18.79
17.2
15.63
17.52
17.2
17.96
18.11
17.97
20.99
18.93
16.55
17.57
18.16
18.35
16.0
18.42
18.45
18.43
18.66
16.47
16.51
16.98
16.37
19.33
18.9
17.44
18.69
16.79
18.66
16.66
17.42
17.77
15.73
17.22
16.05
18.56
16.98
17.08
18.56
18.28
16.71
18.45
17.66
18.46
20.02
17.1
19.72
18.21
17.41
18.54
16.99
18.68
19.47
18.34
18.8
18.13
18.81
16.96
17.99
18.58
16.75
19.48
18.63
18.04
17.38
18.14
16.2
16.66
18.66
17.04
17.88
19.5
16.91
16.76
18.13
16.26
16.98
18.29
16.95
16.57
18.41
16.59
18.47
16.56
17.81
17.13
18.53
17.3
18.4
16.78
17.71
20.15
16.5
16.43
16.18
17.2
16.42
16.2
17.92
18.54
16.26
16.25
17.32
16.67
16.79
17.23
16.63
16.35
17.13
16.81
16.31
17.44
18.25
17.85
18.5
18.49
17.4
16.44
18.14
17.04
16.75
17.8
17.79
18.68
17.17
17.75
17.98
16.74
18.91
17.7
16.76
18.13
19.01
18.68
17.21
20.19
19.03
16.82
18.71
16.25
19.88
16.57
16.7
16.25
17.33
16.94
16.58
17.66
16.61
16.78
16.63
16.94
17.29
16.55
17.17
17.05
16.51
16.25
18.13
18.46
17.59
16.34
18.48
18.52
17.17
18.44
17.42
16.83
19.14
17.2
18.16
18.13
17.69
18.51
18.2
17.04
16.29
17.03
16.93
17.59
17.61
16.83
16.07
16.57
17.15
18.18
18.54
18.25
18.04
18.49
20.16
18.61
18.55
16.88
18.66
19.29
16.34
15.78
18.57
18.44
17.95
17.69
17.27
19.77
17.94
18.46
18.0
20.24
19.67
18.22
18.93
19.79
17.03
18.23
18.47
19.0
19.24
18.8
18.18
16.93
16.39
20.32
20.17
19.26
18.95
18.14
18.92
17.21
17.97
18.76
18.25
17.83
16.11
16.31
17.6
18.28
16.24
16.31
18.14
17.61
16.47
17.81
16.14
18.22
18.98
18.18
19.08
18.81
18.0
17.71
18.76
18.57
17.82
18.6
17.95
18.81
18.75
18.94
17.34
18.32
18.1
19.68
17.75
17.52
16.91
17.04
18.57
17.66
19.89
19.62
19.57
19.44
18.92
19.44
19.66
20.77
20.08
19.61
19.5
19.72
18.24
20.26
19.42
20.6
19.66
19.34
20.1
20.3
19.67
19.81
19.27
19.77
19.5
20.03
19.83
21.46
19.49
19.91
19.25
18.83
19.47
19.28
19.58
18.05
20.47
18.85
18.65
19.34
19.34
19.28
19.86
18.72
20.5
17.52
17.99
17.91
18.32
19.01
16.99
16.35
17.54
18.45
17.38
18.68
17.97
17.78
16.13
16.64
16.42
17.94
18.64
18.45
18.31
15.91
17.16
16.99
17.43
17.83
17.63
18.26
17.84
16.47
17.77
16.7
18.01
16.89
16.63
17.84
17.62
18.45
18.09
20.7
19.86
18.18
19.2
19.46
18.18
20.12
19.6
18.62
19.15
19.5
18.88
19.22
18.46
18.53
18.4
19.66
19.26
20.01
19.85
18.69
20.56
19.58
17.43
17.95
18.01
19.82
19.72
19.92
19.34
19.33
18.48
19.4
18.45
20.32
19.88
20.26
20.44
20.23
20.36
19.53
20.21
19.96
19.98
20.18
20.4
21.01
19.38
19.58
20.66
19.38
20.72
19.67
19.25
17.87
18.31
18.97
19.09
20.3
19.05
18.12
18.3
19.13
20.41
18.13
18.94
19.65
18.77
19.51
19.2
18.49
19.0
19.49
18.2
19.0
20.06
19.58
19.03
19.4
19.77
19.27
18.52
18.67
19.35
19.4
19.78
19.87
19.21
20.76
19.06
20.72
18.57
18.89
21.27
19.81
19.17
19.28
19.45
19.84
19.64
19.77
19.09
19.57
18.77
19.47
18.96
19.79
18.33
17.16
17.44
17.02
16.55
17.93
17.41
17.88
16.17
17.31
18.78
17.25
17.52
17.25
18.48
17.46
17.22
18.11
18.07
16.21
18.09
18.08
16.64
17.0
18.11
16.77
17.26
18.48
16.9
18.25
17.06
18.53
17.38
17.05
18.18
17.22
17.74
18.39
18.98
18.1
16.23
17.35
18.7
16.99
17.65
17.52
18.13
18.96
17.8
18.4
17.42
16.93
16.49
17.51
19.06
18.39
18.18
18.44
16.84
17.49
16.5
17.97
16.83
17.25
17.26
18.73
16.76
17.98
18.17
18.28
17.74
16.32
16.27
18.86
17.16
17.66
17.51
17.49
18.68
16.57
18.47
18.08
17.8
17.74
16.97
17.74
18.4
17.99
18.65
17.49
17.86
17.46
16.45
16.9
16.63
17.97
17.79
17.46
16.68
16.52
17.23
17.15
17.43
17.49
18.09
17.54
17.53
18.46
17.6
18.02
17.18
17.7
18.41
16.9
17.74
18.86
18.82
17.25
16.2
16.66
17.82
17.04
17.88
18.73
17.36
17.49
18.03
17.43
16.66
16.98
16.94
18.3
16.65
16.59
17.68
17.03
17.52
16.97
17.84
17.4
16.83
18.71
17.92
17.55
16.94
17.38
17.21
17.37
17.23
17.11
17.18
16.09
17.48
16.97
16.46
16.63
18.18
16.95
17.47
18.07
16.38
16.5
18.09
17.57
17.25
17.75
17.66
17.07
17.38
17.25
17.45
16.67
17.24
16.75
16.17
16.75
16.59
16.34
17.92
16.35
16.73
17.64
16.86
16.72
16.81
16.84
17.42
17.44
17.87
18.09
18.45
16.01
16.86
16.36
16.29
17.02
17.25
16.27
17.88
17.03
16.39
16.93
16.81
17.16
17.2
16.94
16.65
16.46
16.46
17.75
16.3
17.39
15.95
17.3
17.64
18.24
17.51
16.73
17.94
18.48
17.52
18.25
16.78
16.15
16.76
17.42
17.04
16.83
16.66
16.96
17.37
17.44
17.18
15.73
17.63
16.68
18.04
16.54
17.07
16.28
16.91
17.61
16.49
16.93
16.84
18.06
17.39
16.09
17.3
16.41
16.4
16.25
16.21
16.24
16.29
16.78
16.13
16.31
16.22
17.14
17.12
16.37
17.14
17.34
16.86
17.3
16.34
16.95
16.53
16.6
16.52
17.01
18.07
16.52
16.71
16.89
16.19
16.63
17.11
16.7
17.1
16.46
18.95
17.38
17.96
17.27
17.78
17.48
17.26
16.98
17.87
16.63
18.02
17.11
16.77
17.41
16.18
16.89
17.46
17.18
16.87
16.18
16.56
16.98
17.44
16.74
16.45
17.04
17.12
16.1
17.41
16.46
16.93
17.59
16.58
17.18
17.3
16.65
18.12
17.07
17.22
16.43
16.79
19.34
17.49
17.46
17.15
16.94
16.75
16.86
16.32
17.3
17.88
16.76
16.79
16.49
17.45
17.56
17.39
17.56
17.05
18.04
17.94
17.43
17.03
17.95
18.31
17.73
16.99
16.78
17.31
16.53
17.8
16.43
17.36
16.98
16.77
17.8
16.06
17.31
17.88
17.73
16.62
16.62
18.32
17.09
17.26
16.32
17.75
16.38
17.5
16.96
17.02
17.39
16.73
16.59
16.65
17.61
17.18
16.38
16.88
16.4
17.52
16.52
16.55
16.18
16.29
16.57
17.63
16.89
16.9
17.99
17.59
16.97
16.64
17.52
17.38
17.59
17.78
17.6
16.67
17.16
16.57
18.28
16.68
17.25
17.5
17.12
17.15
17.43
18.31
17.79
17.09
18.11
17.4
18.08
16.59
17.1
17.89
17.72
17.64
16.79
17.54
17.26
17.26
17.05
17.9
17.33
17.45
16.83
16.65
17.41
17.06
18.14
16.47
16.43
17.87
17.39
17.57
17.71
17.39
18.8
16.59
17.12
17.05
17.88
16.74
17.54
16.86
17.27
17.0
16.93
16.98
17.35
16.78
17.46
16.38
16.42
16.78
17.08
16.04
17.88
17.6
16.56
16.81
16.52
17.23
18.36
17.66
16.55
17.28
17.27
17.56
16.81
16.53
16.56
17.29
16.76
16.71
15.97
16.87
17.67
16.62
17.13
17.26
17.26
17.37
16.95
16.29
17.34
15.96
16.52
16.26
17.15
16.59
17.55
17.89
16.66
17.5
16.58
17.78
16.76
16.61
17.18
16.4
17.21
16.44
17.41
16.66
16.61
16.62
17.6
16.84
17.3
17.15
17.07
17.35
16.61
17.38
17.26
17.92
16.65
17.52
17.3
16.66
16.02
16.83
16.36
16.26
17.18
16.92
15.86
16.48
18.16
17.09
17.62
17.45
17.07
17.54
16.71
17.02
17.29
16.67
17.06
16.63
16.12
16.66
16.93
17.3
17.07
17.29
17.18
17.46
17.05
17.34
16.82
17.47
17.73
16.61
16.88
16.72
16.6
16.55
17.68
16.62
16.86
17.33
16.74
17.3
16.29
17.22
16.37
17.5
17.24
16.75
17.98
17.65
17.49
17.14
17.87
17.52
17.02
16.36
17.33
18.14
18.8
17.23
17.58
17.68
16.99
16.35
17.92
17.9
17.17
17.09
16.96
17.49
17.78
17.45
17.06
17.71
18.02
17.28
17.64
17.34
17.7
16.71
16.35
18.26
17.64
18.23
17.22
17.48
16.84
17.7
18.09
17.1
18.21
16.32
16.4
16.78
17.74
16.98
17.09
18.5
16.9
16.77
17.11
17.29
17.02
17.27
16.82
16.09
16.92
16.37
16.91
17.31
16.22
16.12
16.32
16.6
17.46
16.35
16.8
16.71
16.87
17.01
16.82
18.1
17.29
16.61
17.17
17.22
16.77
17.15
16.18
16.93
17.68
16.58
16.83
16.92
17.45
16.55
17.48
16.13
16.45
16.8
17.74
17.15
17.94
16.78
17.3
16.63
17.15
16.63
16.15
16.5
17.47
17.47
17.35
17.38
16.62
17.96
16.59
16.8
17.24
17.89
16.54
17.19
17.75
17.21
17.22
17.68
17.55
17.75
17.26
17.41
16.83
16.7
16.94
17.66
16.24
18.31
16.91
17.5
16.63
16.39
17.57
17.55
16.5
17.44
17.22
16.56
16.11
17.25
15.91
16.74
17.5
15.79
17.22
16.11
17.47
16.18
16.69
15.89
16.35
15.62
16.54
16.57
17.85
16.14
17.88
16.31
17.39
16.04
16.44
16.15
16.13
15.96
16.24
17.65
16.52
16.97
16.32
16.34
16.43
18.32
16.63
19.3
16.93
16.41
16.23
16.03
16.95
16.69
16.69
16.96
16.36
16.47
17.67
16.27
16.21
16.28
16.53
16.83
16.0
17.7
16.91
16.22
16.76
17.22
16.53
18.47
16.29
16.59
16.96
18.09
17.45
16.48
15.98
17.8
16.79
15.8
16.42
17.59
18.01
16.34
16.8
17.6
16.52
17.17
17.18
16.45
16.51
16.44
16.06
18.07
16.48
17.05
16.53
16.99
16.57
16.7
16.68
16.72
16.83
15.59
16.09
16.55
18.01
17.26
16.1
15.98
16.28
16.25
18.06
16.73
16.32
15.9
17.8
16.58
16.42
16.84
16.58
16.21
16.47
16.57
16.11
16.59
16.37
16.52
16.24
16.48
15.92
17.01
16.42
16.8
16.73
16.43
15.73
15.66
16.05
17.33
16.57
17.18
17.84
16.4
16.46
16.75
16.06
16.99
17.47
17.05
16.85
16.83
17.6
16.54
16.76
17.55
16.09
16.54
16.16
16.52
16.86
16.62
16.73
17.26
16.79
17.85
18.65
17.41
16.14
16.93
17.51
16.17
16.99
16.57
18.52
16.68
18.57
16.25
16.74
17.13
16.37
16.61
16.09
16.15
16.6
16.8
17.72
16.5
16.34
15.99
18.22
17.45
16.69
16.99
18.23
16.82
16.28
18.69
16.26
16.61
16.33
17.54
16.16
17.53
16.88
16.32
16.81
16.75
17.52
17.67
19.36
16.76
17.08
18.06
18.26
16.28
18.13
16.48
17.15
16.63
17.13
17.24
17.8
17.39
16.77
16.39
17.13
16.11
17.45
17.63
16.93
18.34
17.66
17.12
17.75
16.54
19.01
18.76
18.01
17.56
16.74
16.46
17.28
16.99
17.19
16.47
16.98
18.45
16.76
17.83
17.02
16.52
19.37
18.04
17.58
18.06
17.77
18.26
16.71
16.64
16.21
18.34
16.49
17.87
16.19
16.89
18.33
16.77
16.44
16.43
17.15
16.13
16.43
18.05
16.0
16.84
16.3
19.53
17.44
18.13
16.33
17.02
16.4
17.1
16.11
16.79
16.75
15.86
17.35
17.06
16.82
16.91
17.17
17.75
16.03
18.16
16.87
18.37
18.46
17.05
18.78
18.66
18.34
16.41
17.68
18.11
18.2
16.42
17.08
16.52
17.8
17.71
17.79
17.0
16.52
18.25
18.03
16.81
17.09
17.62
16.61
17.97
18.97
17.42
17.44
16.73
16.8
16.77
16.45
17.51
16.56
16.38
16.78
17.47
17.76
16.03
16.68
16.43
16.92
18.41
18.49
18.36
17.91
16.75
16.72
17.2
16.39
16.78
17.77
17.12
16.42
18.4
17.44
17.16
17.68
18.47
19.12
16.38
16.87
17.55
17.2
17.53
17.14
16.5
18.14
18.81
16.15
16.52
17.7
17.45
17.22
16.74
16.3
18.02
16.49
16.37
17.46
15.77
17.39
17.66
16.61
16.14
17.3
17.55
17.09
17.14
15.92
16.92
17.77
16.73
17.38
17.65
17.02
16.86
16.91
16.6
17.35
16.72
16.49
15.92
16.86
16.38
16.98
17.48
17.05
16.24
16.4
17.3
17.39
15.91
15.97
16.25
15.49
17.78
15.94
17.09
15.92
16.16
16.49
16.9
15.82
16.33
17.4
16.02
18.64
16.97
15.85
18.05
17.13
16.37
18.69
16.83
17.41
18.09
18.48
19.03
18.9
17.07
18.84
18.45
17.82
18.0
18.22
18.47
18.68
18.23
17.87
17.81
18.24
16.31
16.39
18.85
18.03
18.53
17.81
16.39
17.71
17.65
16.39
16.39
16.49
16.64
18.04
17.16
16.27
17.98
16.15
16.51
17.82
17.44
19.26
17.17
20.8
18.03
17.98
16.21
16.88
16.68
16.89
19.81
17.43
16.83
19.3
16.61
16.31
17.71
17.81
16.55
16.31
17.13
16.29
17.79
18.77
16.78
17.99
17.94
18.97
17.34
16.22
16.76
17.68
16.64
17.81
18.76
17.83
16.28
16.79
17.85
18.25
16.44
17.53
17.19
16.66
16.6
16.33
18.78
17.68
17.76
16.52
17.7
16.23
18.21
17.47
16.16
16.99
16.81
16.72
18.08
17.46
16.06
17.18
16.71
17.28
17.75
16.9
16.62
17.24
16.06
16.14
16.13
18.67
15.97
16.49
16.31
17.02
16.38
17.06
17.61
16.39
16.96
16.75
17.53
17.45
16.19
17.86
18.33
16.75
17.81
16.43
16.22
17.79
17.65
17.47
16.31
16.19
18.16
18.36
17.37
18.36
18.02
16.93
16.19
16.2
16.16
17.49
16.92
16.72
16.3
17.15
17.38
17.19
18.04
16.97
17.32
16.34
16.47
16.1
16.59
16.64
16.74
17.82
16.44
16.57
18.7
18.62
16.67
17.18
18.18
16.66
18.71
16.56
17.04
16.57
17.62
18.58
17.82
16.59
16.71
16.94
18.67
15.71
15.84
16.18
18.25
16.63
16.86
16.74
18.3
16.44
16.93
17.89
17.68
18.77
17.32
17.77
17.7
16.62
16.11
17.14
17.01
16.53
16.2
17.41
16.57
17.8
16.17
18.19
16.53
18.08
16.82
15.75
18.28
18.36
18.02
18.22
16.55
18.14
17.06
17.86
16.6
16.59
17.09
17.74
17.67
18.49
19.81
16.9
19.94
17.78
18.1
18.52
17.49
19.75
18.7
19.33
16.61
19.64
21.26
17.07
17.62
17.8
16.94
16.76
18.2
16.89
18.83
17.64
16.94
17.4
16.44
15.9
16.4
16.89
17.95
17.12
18.83
16.96
15.84
16.3
17.01
16.63
16.44
16.81
17.55
18.43
17.76
16.52
17.01
16.96
16.92
16.5
16.25
16.4
16.41
18.15
17.71
16.5
16.74
16.86
16.23
16.73
16.66
17.29
16.42
15.72
16.38
16.34
17.27
16.53
16.09
16.25
17.07
16.47
16.93
16.88
16.56
17.76
17.89
17.07
16.8
17.66
16.63
17.1
17.23
18.54
16.41
17.53
16.13
16.12
16.08
15.96
17.08
17.34
16.76
17.08
18.16
18.67
16.22
16.86
16.79
16.74
16.18
16.62
16.32
17.63
15.98
17.01
16.84
16.29
17.39
16.28
16.48
16.3
18.57
17.06
17.67
17.84
16.4
17.88
16.35
16.3
17.46
16.99
17.23
18.95
19.74
19.04
19.45
19.59
19.79
20.23
18.86
19.95
20.6
20.04
19.28
19.76
18.92
20.16
20.26
19.27
20.31
19.48
20.17
19.44
19.41
20.05
20.23
20.65
19.94
19.48
18.35
16.12
16.62
17.71
17.02
17.81
18.67
16.57
19.26
17.81
16.58
17.58
18.32
17.83
18.47
17.96
18.06
17.39
18.14
17.77
18.03
18.11
19.04
18.27
18.29
18.01
16.46
18.65
16.38
17.67
16.98
16.07
17.11
16.65
17.53
16.78
17.86
16.37
16.53
17.2
18.41
16.05
17.51
19.4
17.32
18.2
17.03
16.94
18.32
18.21
16.33
18.39
17.43
17.75
17.27
18.25
16.95
17.07
17.21
16.01
17.59
17.02
16.94
17.81
17.3
17.22
17.44
17.28
16.53
17.12
16.66
16.64
16.62
16.66
16.3
18.71
16.7
16.53
16.7
16.21
16.59
16.26
16.26
17.39
16.96
17.62
17.29
18.62
16.38
16.25
16.6
17.82
16.47
16.06
16.35
16.53
17.98
18.45
16.29
16.51
16.33
16.05
17.33
16.43
17.05
15.97
16.68
16.46
20.93
18.31
15.83
16.43
16.74
16.71
18.24
17.95
17.26
17.64
16.97
17.17
16.89
16.89
16.48
17.25
16.52
16.45
16.67
17.4
16.65
17.7
16.35
17.74
18.49
17.73
17.63
16.45
17.24
17.53
18.04
16.84
17.55
17.46
18.23
16.37
16.5
16.23
16.59
16.89
16.32
17.07
17.13
17.59
16.1
16.27
16.76
17.29
17.24
17.48
16.56
17.18
16.66
16.43
19.28
17.19
17.86
16.3
16.22
17.13
17.32
17.13
16.7
16.71
16.69
16.48
18.42
18.16
16.89
17.44
16.21
17.57
17.81
16.97
16.17
16.07
18.16
16.94
16.53
16.57
17.56
16.41
17.33
18.17
17.47
17.82
16.76
17.57
16.9
18.01
16.48
18.03
18.52
16.58
16.42
18.33
17.57
16.31
16.36
16.68
17.2
16.25
17.32
16.77
16.5
16.42
18.13
18.81
16.58
17.12
17.77
18.45
18.72
16.78
18.52
16.51
16.41
18.86
16.53
16.76
16.62
19.31
18.38
17.02
16.37
17.42
16.94
16.77
17.98
18.11
16.63
18.05
18.48
16.17
18.58
16.6
18.8
19.07
18.22
18.64
18.05
18.35
18.27
16.24
18.74
18.86
17.47
16.72
16.15
16.48
16.76
18.1
18.91
19.1
18.09
18.03
18.74
16.85
18.38
19.1
18.24
16.64
17.84
17.46
19.3
17.14
16.97
17.32
19.16
17.9
19.08
19.29
18.38
17.85
18.44
18.61
18.16
18.25
18.51
18.27
18.55
20.47
18.1
18.55
18.49
16.28
19.14
16.84
18.85
18.93
19.29
17.07
16.1
17.95
16.25
16.64
18.54
16.08
16.77
18.4
18.57
17.93
18.58
16.91
17.78
20.43
18.95
17.09
16.53
18.22
18.2
17.06
18.44
16.92
18.73
17.36
17.76
18.3
16.34
17.19
17.47
16.76
16.93
16.68
19.01
16.88
16.88
17.72
17.42
16.73
17.5
17.95
17.15
18.6
19.0
17.4
16.98
18.89
17.24
19.09
17.03
16.91
16.48
17.16
17.36
17.9
17.54
18.08
16.82
17.68
17.27
16.68
17.59
16.3
16.93
18.89
17.02
18.33
17.12
18.6
19.28
19.2
18.09
18.55
18.41
18.54
19.62
18.05
18.44
18.69
18.57
17.06
17.07
16.55
19.1
17.43
18.66
18.26
17.95
18.04
20.1
16.24
17.46
19.3
17.36
19.46
18.59
18.11
17.96
16.56
16.71
17.14
17.53
16.64
17.67
18.43
17.54
18.81
18.73
16.55
18.41
19.15
18.53
18.5
17.95
18.8
19.45
18.49
19.39
18.81
19.19
18.69
17.5
19.74
18.4
18.55
18.48
18.36
18.31
18.18
18.0
18.46
18.73
19.64
17.25
19.56
18.19
18.22
18.06
17.61
19.03
18.04
19.04
18.24
18.08
17.49
19.85
18.53
18.34
16.28
18.57
17.57
16.97
18.0
17.88
18.79
17.54
17.66
17.22
16.96
18.81
18.21
17.67
18.32
19.41
19.0
19.4
18.99
19.22
19.96
19.15
18.47
18.96
18.57
17.91
18.14
18.13
17.42
17.97
19.0
18.39
20.32
18.78
18.36
19.0
17.0
19.06
18.22
19.04
19.23
19.91
19.96
18.58
19.64
18.34
19.03
18.86
19.41
16.92
16.85
16.69
18.1
17.7
18.55
17.33
17.62
17.58
19.49
16.96
18.64
17.4
16.47
17.97
18.48
18.4
17.82
17.46
17.07
16.43
17.04
18.2
16.93
18.17
16.74
16.49
19.08
17.49
17.03
18.54
17.54
17.75
17.74
18.47
17.89
17.82
18.27
17.58
16.99
16.87
17.57
17.04
16.98
17.35
16.43
16.71
15.98
16.59
16.7
17.84
16.61
16.25
16.93
17.12
17.23
17.28
17.26
16.95
16.09
17.99
16.61
17.69
17.37
15.93
16.69
16.66
17.03
17.67
16.36
16.31
16.66
16.43
16.56
16.13
17.14
16.55
15.92
16.15
16.36
17.67
17.88
17.93
16.82
17.5
16.92
16.6
18.18
16.37
16.81
16.82
16.16
18.08
16.01
16.54
16.64
18.36
17.55
17.58
16.39
16.82
17.09
18.2
17.21
16.61
18.57
16.44
17.54
18.41
17.99
16.78
16.97
17.85
18.2
17.03
16.42
16.7
18.29
18.4
18.35
18.52
18.93
18.58
18.17
18.3
18.68
17.3
18.08
19.23
18.34
17.63
18.62
17.94
18.05
19.41
20.04
19.11
19.03
18.92
18.02
19.13
19.59
16.95
18.66
18.35
19.64
18.83
18.21
18.99
19.28
17.53
18.57
19.23
18.38
17.02
18.38
16.74
17.59
17.89
17.18
19.92
19.1
17.52
18.13
19.68
18.48
18.08
17.47
17.08
18.97
20.75
16.59
16.56
16.41
17.49
16.12
16.29
17.58
17.03
18.35
19.29
17.37
18.46
19.46
17.05
17.64
20.19
19.07
19.29
19.25
20.96
18.37
19.56
19.24
18.94
19.54
19.58
17.06
17.92
18.45
15.62
17.43
16.17
16.57
18.43
18.33
19.02
17.04
19.05
18.16
18.12
19.77
18.99
18.72
20.58
18.18
19.22
18.01
19.01
19.89
19.32
20.28
18.66
17.77
18.38
17.8
17.83
18.69
18.25
17.52
17.4
18.53
18.41
17.69
19.21
18.36
17.35
17.38
18.17
16.52
17.97
17.69
16.63
18.44
17.93
16.92
17.59
17.0
18.16
18.28
17.72
17.68
16.48
18.32
18.76
17.87
17.83
18.06
16.51
18.34
16.5
16.81
16.38
18.03
16.49
19.0
17.86
18.52
18.12
16.74
18.06
17.19
17.08
17.22
17.73
16.08
17.38
16.12
16.66
18.42
16.32
16.08
18.53
18.03
17.95
17.83
18.06
18.1
17.91
18.45
19.08
17.39
18.37
17.52
17.45
18.06
16.33
18.04
18.0
18.72
16.98
18.49
18.9
17.71
18.37
18.05
18.03
18.46
17.66
18.52
18.41
16.87
16.49
18.32
17.32
16.56
17.66
19.23
17.41
19.19
17.65
18.17
16.36
18.3
17.48
16.22
16.93
18.47
18.05
17.31
15.91
16.3
16.47
17.6
17.66
17.26
16.66
16.69
17.13
17.45
16.8
16.81
16.79
18.75
16.28
17.25
16.67
17.03
17.29
17.34
16.86
17.26
19.08
17.5
16.82
18.04
16.71
16.54
16.72
16.79
17.92
17.35
16.55
16.71
16.5
16.69
17.98
16.54
16.51
16.29
16.64
17.32
18.79
19.24
20.2
18.93
19.92
19.77
18.54
19.39
16.85
16.3
16.7
16.57
16.91
16.75
16.56
17.76
16.99
17.23
17.53
17.66
18.14
16.52
17.17
17.48
17.26
16.9
17.29
16.88
17.25
17.68
16.75
17.51
16.5
18.48
16.61
16.47
17.39
17.13
17.67
18.78
16.83
17.34
17.8
16.6
17.44
18.29
17.73
17.4
17.36
16.34
16.92
16.43
17.86
16.77
17.07
16.93
17.09
17.12
16.45
17.4
17.15
17.29
16.93
17.0
17.73
17.43
17.31
16.89
16.85
16.96
16.6
18.16
18.05
16.77
18.52
17.09
17.56
16.46
16.55
17.21
17.77
17.38
17.31
17.37
18.65
17.85
16.88
16.99
16.89
17.29
16.93
17.1
17.43
16.78
16.25
16.77
16.41
16.81
17.36
17.25
17.66
18.13
17.6
16.91
16.64
17.37
16.65
17.12
16.78
17.2
16.47
17.32
16.86
16.77
16.99
17.32
17.33
17.61
18.28
16.5
17.95
16.84
17.03
17.02
17.27
17.61
17.55
17.59
16.93
16.75
16.95
17.31
16.61
16.78
18.14
17.34
17.09
16.54
17.41
16.63
16.79
16.83
16.38
16.77
17.79
18.62
15.63
17.12
17.37
16.86
16.31
16.72
16.31
16.63
17.88
16.85
17.45
17.52
16.61
16.33
17.41
16.67
16.07
16.92
17.09
17.22
17.33
17.35
16.6
17.21
16.79
16.63
16.94
17.22
16.72
16.64
16.8
17.08
17.74
17.48
16.38
17.45
16.85
17.14
16.84
16.85
16.69
16.67
16.56
17.16
17.69
16.52
16.68
17.96
17.29
17.62
17.3
17.95
17.08
16.74
16.97
17.04
17.33
16.69
17.61
17.44
17.65
16.95
17.66
16.57
16.96
17.5
17.0
17.57
16.89
17.32
17.76
18.13
17.7
16.52
17.13
16.93
17.33
16.68
16.47
17.98
16.58
16.74
17.28
17.82
16.33
17.58
16.9
17.45
17.05
16.41
16.37
16.54
17.04
18.77
17.59
16.84
16.97
17.45
18.39
17.33
16.66
17.37
17.41
16.24
17.28
17.46
16.67
16.42
17.02
16.33
17.34
16.94
16.97
17.32
17.11
16.45
16.85
16.58
17.28
16.71
17.14
17.3
16.59
17.03
17.2
16.79
17.54
16.28
16.99
16.8
17.8
17.57
17.05
16.65
16.37
16.76
16.85
17.0
17.16
16.58
17.18
17.66
16.16
17.41
16.84
16.95
17.06
17.52
17.27
17.13
16.76
16.81
16.1
17.25
16.89
16.39
17.34
16.07
16.48
16.57
17.05
17.0
17.11
17.44
16.47
16.55
16.91
17.23
17.59
16.62
15.99
17.4
16.92
19.01
16.98
17.05
16.65
16.65
16.83
16.69
17.83
16.37
16.87
16.98
16.73
17.15
17.2
16.37
16.81
17.98
16.41
17.47
17.01
16.76
16.67
17.52
15.87
17.12
17.16
16.95
17.59
16.83
16.82
19.7
17.17
16.79
16.5
17.13
16.88
17.23
17.06
17.02
17.66
17.33
16.76
16.3
16.67
16.65
16.85
17.23
17.02
17.02
16.6
17.83
16.3
16.22
16.81
16.7
17.84
16.57
17.1
16.55
16.54
16.82
17.89
16.78
17.2
18.05
16.99
16.53
17.14
16.0
16.92
16.88
17.5
17.16
17.54
16.88
17.56
16.97
17.01
17.49
17.54
16.87
16.55
16.62
16.77
16.7
16.48
16.62
17.77
17.11
17.1
16.58
16.96
17.6
17.13
17.01
16.46
17.27
16.66
17.12
16.54
17.82
16.53
16.84
17.24
16.77
17.39
16.51
16.6
17.15
17.7
16.58
17.65
17.45
17.32
17.06
16.61
16.85
17.02
16.54
17.15
16.85
16.55
16.52
17.54
17.13
16.71
16.58
16.79
17.22
16.2
16.61
18.72
16.77
16.27
16.96
17.4
17.01
18.14
16.2
17.17
17.82
17.08
16.82
17.33
17.15
17.66
16.26
16.81
16.26
17.06
17.2
17.13
17.35
16.78
17.15
17.55
16.98
17.27
17.05
17.2
16.53
16.17
16.72
17.06
16.24
16.28
17.46
17.53
16.63
17.15
17.77
17.4
16.81
17.62
17.04
17.3
16.29
16.89
17.14
16.68
17.48
17.52
17.32
16.6
16.65
16.69
17.16
17.24
16.4
16.95
17.1
17.31
18.02
17.17
17.11
17.75
17.79
16.45
17.22
17.21
17.24
16.51
17.28
17.24
16.35
17.47
18.43
17.35
17.27
16.76
17.81
17.72
16.45
16.96
16.34
16.39
16.82
17.01
16.25
16.38
16.75
17.37
16.64
17.18
18.23
17.83
17.69
17.04
17.47
17.44
16.59
17.16
17.13
17.49
17.0
16.39
17.22
17.15
17.37
17.82
17.73
16.96
16.68
17.29
16.43
16.67
16.3
16.32
17.15
17.94
16.54
16.18
16.68
16.46
16.73
17.49
17.46
17.66
16.73
16.91
16.51
17.35
17.13
17.6
16.59
16.92
16.87
16.93
18.57
17.77
17.38
17.47
17.17
16.66
16.6
17.27
16.8
17.2
17.7
16.89
16.93
17.28
16.87
16.63
16.45
16.99
16.28
17.15
18.1
16.96
16.33
16.41
17.34
17.05
18.33
16.74
16.66
17.64
17.1
17.31
17.14
17.38
17.35
18.09
17.33
16.61
18.02
17.51
17.01
16.8
16.59
17.48
16.46
16.23
16.66
16.4
16.82
17.34
16.49
17.22
17.02
17.21
17.09
17.33
16.58
16.88
17.56
17.61
16.53
17.41
16.82
16.66
17.99
16.95
16.28
17.73
16.82
16.56
16.58
17.19
19.27
17.18
16.59
16.0
17.39
16.58
16.36
16.28
16.82
16.7
16.56
15.93
16.93
17.63
16.58
16.58
17.1
18.11
16.26
18.58
17.27
16.6
16.09
17.03
17.47
16.78
16.52
16.37
18.02
16.45
16.87
16.91
17.01
16.19
16.5
17.12
16.82
18.17
16.82
18.12
17.06
17.16
16.69
16.48
16.92
17.48
16.74
17.59
16.58
16.05
17.17
17.08
17.19
16.98
16.69
18.08
16.58
17.43
16.7
16.87
17.05
16.03
17.85
16.64
17.32
16.26
15.88
16.34
18.06
16.25
17.39
18.04
17.2
16.74
16.45
17.77
17.2
16.75
17.44
15.46
16.34
18.18
16.41
16.68
17.89
19.08
18.36
18.48
16.85
18.74
18.28
18.3
16.42
16.5
16.66
18.64
18.07
17.65
17.43
17.6
17.66
17.66
18.38
17.45
17.19
17.11
19.94
18.4
20.93
19.51
18.8
18.68
17.64
17.77
18.36
18.41
19.09
18.15
17.2
18.26
16.79
17.28
20.43
17.04
16.73
19.0
16.78
16.62
16.81
17.17
16.85
18.26
18.34
19.08
17.83
18.67
16.44
19.7
17.18
17.04
18.42
17.14
18.9
19.4
17.5
18.2
16.1
16.77
18.49
18.78
19.83
18.38
17.11
19.84
17.19
19.16
18.22
17.78
17.09
18.23
18.23
17.95
20.16
18.81
18.55
18.87
19.45
19.75
18.07
17.99
19.2
16.15
18.65
16.02
18.3
18.66
18.84
18.3
19.14
17.5
18.46
18.56
18.34
16.74
18.18
18.1
17.52
18.62
18.72
20.32
19.76
18.12
17.01
17.59
18.1
17.14
19.49
18.49
17.17
18.05
17.73
17.03
19.11
19.12
18.5
17.98
18.24
16.17
16.37
19.57
18.21
17.27
18.48
16.02
16.81
16.95
16.89
17.14
16.44
16.93
17.81
16.51
16.59
16.43
16.86
18.07
18.77
18.27
18.75
16.59
17.05
16.81
17.65
16.48
17.05
17.49
16.77
17.33
17.19
18.24
17.1
18.9
17.0
16.49
16.78
16.59
16.93
16.49
17.88
18.16
18.39
16.5
16.64
16.75
16.82
18.17
16.91
17.46
16.91
19.08
17.13
16.79
16.58
18.26
17.45
20.21
16.69
16.71
17.77
18.1
19.12
17.21
16.92
18.39
18.51
17.69
17.87
17.87
18.46
18.45
18.31
20.49
18.05
18.78
17.91
16.32
16.41
17.21
18.16
18.5
17.0
17.06
17.25
17.13
16.68
16.88
17.17
16.94
16.73
16.26
17.39
16.67
17.48
17.19
17.2
17.27
16.71
17.69
16.86
17.28
16.92
17.27
16.91
17.43
16.8
17.14
16.67
16.71
17.89
18.14
16.71
16.39
17.16
16.08
17.03
17.82
16.08
17.72
17.2
16.91
17.46
18.55
17.14
17.46
18.07
19.99
18.45
19.73
18.93
17.44
17.88
17.02
18.6
17.03
18.39
17.34
18.55
17.18
18.73
18.62
18.84
16.43
18.27
18.82
18.05
17.94
17.0
16.53
17.58
18.88
16.55
16.41
16.92
18.4
18.26
16.89
18.14
18.15
17.33
19.11
19.63
17.0
16.77
19.35
18.74
16.55
16.64
17.31
16.89
17.16
16.58
16.88
17.78
18.16
17.83
16.31
16.67
16.26
17.33
18.55
19.27
18.06
17.21
19.03
15.96
16.46
16.54
18.45
18.52
18.81
16.84
16.46
18.27
16.45
18.23
17.4
17.67
16.59
18.55
16.97
18.31
18.35
16.89
16.79
18.53
16.24
18.53
16.61
16.86
18.19
19.0
18.62
16.13
18.48
19.08
18.51
19.7
20.26
18.37
19.12
18.72
19.11
18.02
17.85
17.41
16.9
16.64
18.68
18.06
18.7
18.66
17.83
18.73
16.99
17.62
16.45
16.58
17.68
17.07
16.28
16.67
16.04
17.3
16.68
16.46
15.98
17.01
18.29
20.17
17.56
16.5
17.33
18.89
18.43
17.47
17.29
16.61
16.28
18.82
16.57
15.89
17.67
16.82
16.22
17.56
16.26
17.3
16.17
16.72
16.12
17.07
18.58
15.91
16.25
16.31
16.67
17.94
16.52
17.98
18.82
16.63
16.14
17.16
16.49
17.64
16.24
16.53
16.87
17.26
17.14
17.35
16.17
17.3
17.03
16.29
16.63
17.6
17.13
18.23
16.74
17.2
17.28
18.11
16.52
16.51
18.47
17.62
19.24
18.61
18.01
18.52
17.81
16.89
17.37
19.18
17.8
17.17
18.21
16.5
18.07
16.04
16.87
18.43
16.95
18.38
16.45
17.19
16.3
17.73
16.3
16.93
17.31
16.84
15.92
18.32
16.45
16.44
17.58
17.1
17.14
16.02
16.61
18.77
17.13
16.95
18.08
18.6
18.35
16.27
18.42
18.67
16.58
16.33
17.95
19.62
17.86
17.58
18.06
18.19
16.97
16.72
15.9
16.52
17.81
16.28
16.35
17.34
17.61
17.69
17.89
16.45
17.71
16.64
19.01
16.74
17.25
16.37
16.18
18.25
17.32
16.45
16.12
16.68
17.11
18.0
16.3
17.06
17.5
16.81
16.65
17.13
17.06
17.2
18.43
17.37
16.29
16.13
17.88
16.44
19.12
16.4
18.05
16.28
16.36
16.71
16.54
16.32
16.38
17.52
16.69
16.02
16.92
17.89
16.99
17.84
17.25
17.18
16.84
16.98
17.15
18.76
18.05
17.31
16.74
16.12
16.68
16.69
17.54
16.91
16.84
17.53
16.66
17.42
17.32
17.71
18.27
16.95
16.89
16.63
15.99
17.48
16.81
15.98
16.43
16.98
17.43
16.53
16.67
16.26
16.29
16.28
17.2
16.2
15.78
16.8
17.63
17.37
16.26
17.76
16.16
16.88
16.14
16.21
17.82
16.71
17.48
16.69
17.27
16.99
17.13
16.53
16.94
17.53
16.91
16.67
17.03
17.38
16.67
17.81
16.34
15.77
16.87
18.32
16.44
16.12
16.83
17.41
16.59
18.37
18.78
18.18
16.8
17.21
19.08
17.46
17.18
16.85
15.89
16.9
17.73
17.51
17.22
16.81
17.26
16.48
16.51
16.83
17.84
16.7
17.51
17.63
17.12
17.33
18.37
17.08
17.51
16.71
16.52
17.21
17.69
18.6
16.57
16.71
16.86
16.84
17.82
18.28
16.61
17.68
17.75
17.81
18.49
16.68
17.3
16.5
16.86
16.94
17.84
16.61
16.63
16.92
16.64
17.73
18.12
15.44
16.53
16.91
17.28
16.97
17.64
16.89
17.25
17.08
15.67
16.14
17.98
16.51
18.26
16.62
16.84
16.73
17.01
17.13
16.63
16.41
16.07
16.89
18.19
17.65
17.51
17.6
16.43
17.81
16.93
17.64
16.58
16.92
17.51
16.69
16.8
17.12
18.36
17.54
17.72
17.24
16.39
17.83
17.02
17.1
16.88
17.66
17.19
16.78
17.13
17.49
17.73
16.92
17.51
17.96
17.62
17.38
16.6
17.28
16.93
18.12
17.99
17.02
17.31
16.53
17.22
16.7
16.76
16.88
17.15
17.61
16.68
17.33
17.32
17.02
16.84
17.14
17.07
17.25
17.56
17.1
17.91
17.48
17.18
17.61
17.05
17.47
17.02
15.92
17.39
16.97
17.59
17.36
17.02
16.84
17.31
16.75
17.55
17.35
17.79
17.48
17.55
17.36
17.22
16.99
16.52
16.61
16.64
17.72
16.74
18.2
17.66
16.7
17.2
18.04
18.28
17.53
17.02
17.99
17.39
17.54
16.37
18.23
18.08
17.13
16.71
17.52
18.36
17.2
17.05
17.49
17.64
18.45
17.87
16.6
18.26
16.63
16.54
17.97
18.0
18.54
16.32
17.9
18.54
18.75
18.08
17.76
17.37
17.0
17.12
17.91
17.99
18.27
18.17
19.2
17.99
19.04
18.77
16.12
18.18
18.67
19.09
16.64
17.55
17.64
18.66
19.29
17.4
16.51
17.35
18.91
18.03
18.66
18.4
16.63
16.0
18.46
18.53
18.82
18.59
17.76
16.98
16.59
18.02
16.87
17.14
18.92
18.08
18.07
18.48
16.48
20.76
18.91
19.59
17.42
17.43
16.3
15.78
18.58
17.84
17.96
15.98
16.62
18.6
16.4
17.28
16.76
17.16
18.43
18.1
16.21
17.12
18.28
18.56
17.4
17.05
17.86
17.84
16.67
17.59
16.66
17.48
16.5
17.95
16.72
16.85
16.81
17.59
16.78
18.31
17.78
17.95
16.86
18.06
18.05
18.35
16.87
18.1
17.86
17.95
17.9
17.69
16.57
18.23
17.68
18.03
18.22
18.39
17.93
17.87
17.21
16.89
18.52
18.31
17.7
17.93
17.53
18.01
18.55
18.12
17.75
17.78
16.83
16.8
18.83
17.09
18.36
17.25
18.56
18.4
17.68
18.1
17.94
18.89
17.88
18.06
17.23
18.78
19.13
18.1
17.06
18.28
18.32
16.98
17.75
16.6
18.1
18.16
18.89
18.49
18.88
18.01
18.89
18.24
18.24
19.12
18.06
17.89
18.53
17.27
18.0
17.86
18.25
18.37
18.03
17.33
17.33
17.01
17.78
16.4
17.03
16.6
16.33
16.74
17.79
17.28
17.72
18.2
17.11
19.05
18.87
17.53
17.3
18.67
17.55
18.83
19.94
17.37
16.93
18.43
17.7
18.5
16.87
18.68
18.04
17.82
17.45
19.65
18.14
20.2
19.69
19.09
17.7
19.42
19.86
16.85
19.0
19.09
18.46
17.35
17.49
19.02
18.7
19.21
18.98
19.68
17.56
19.26
17.98
16.85
17.17
19.12
19.73
18.69
17.45
19.46
17.91
19.96
18.27
17.79
18.47
19.81
17.64
20.21
19.3
17.57
17.51
17.09
16.95
17.3
18.17
16.55
17.39
17.42
20.82
17.51
17.99
20.0
17.82
17.68
17.79
17.31
17.13
16.47
17.25
16.8
17.0
17.23
17.06
16.86
18.17
20.28
18.16
18.64
19.82
20.08
18.06
16.9
17.12
19.43
18.32
17.14
18.45
18.04
17.04
17.0
16.8
18.24
19.12
19.03
18.49
18.88
17.8
18.24
17.51
18.4
20.0
17.73
17.01
18.98
19.69
18.33
17.65
17.31
17.17
19.13
19.45
17.13
17.56
17.47
16.73
18.65
16.36
18.71
20.25
18.3
18.49
18.9
19.4
17.3
18.89
16.76
18.05
17.59
19.14
19.24
18.01
17.82
18.8
17.67
19.2
17.42
18.38
16.56
19.13
17.59
17.05
19.73
18.11
16.57
18.44
17.59
18.18
17.31
18.28
18.74
17.6
17.03
16.93
17.19
17.94
17.95
17.39
18.21
16.7
19.75
17.41
18.34
17.35
19.35
18.45
18.63
18.53
17.8
18.23
19.1
17.94
18.93
18.38
16.41
19.31
19.38
19.32
18.53
18.0
19.28
19.85
18.74
18.12
16.9
18.59
17.68
17.78
19.22
17.08
18.57
17.79
18.1
16.77
19.34
20.25
18.97
19.87
18.54
19.09
17.86
19.66
19.34
19.34
18.27
17.82
19.81
18.81
17.19
16.62
18.76
18.78
19.18
18.35
18.54
18.26
18.76
18.89
18.06
19.86
18.82
17.37
18.05
20.15
18.6
19.19
18.17
17.33
20.63
18.76
20.95
19.03
18.52
17.49
17.9
18.36
19.3
18.48
16.71
18.38
19.47
17.34
17.59
17.28
17.12
19.5
18.5
18.42
17.64
16.75
21.33
19.81
18.33
18.72
16.86
18.2
17.99
18.62
18.32
18.4
18.31
18.44
18.35
18.83
16.78
18.78
18.49
19.95
18.23
19.17
17.27
19.96
18.68
17.72
19.07
18.97
18.51
18.78
17.97
18.53
18.43
16.88
18.45
17.67
17.23
18.25
18.69
18.29
19.38
18.86
18.64
17.02
18.08
17.9
17.8
17.27
17.28
18.35
17.67
17.2
18.75
18.6
17.64
17.66
17.87
18.31
16.77
16.91
17.67
16.79
17.62
17.42
18.11
18.31
18.36
16.87
17.0
17.99
16.58
18.27
18.71
17.06
18.17
18.7
17.75
17.04
18.33
18.74
19.77
17.24
19.33
18.86
17.67
16.72
16.33
17.49
17.86
18.41
19.12
18.79
17.15
16.96
19.33
16.69
17.52
18.17
17.02
17.77
17.37
18.54
18.93
17.39
17.78
19.04
19.64
18.23
18.36
17.68
19.9
17.27
17.14
19.7
18.42
19.4
17.88
19.58
17.53
18.52
17.58
18.67
19.74
18.12
17.03
19.44
19.51
20.64
18.44
18.12
17.7
18.3
18.34
17.57
17.88
17.59
17.6
17.66
17.79
17.49
18.26
17.38
17.74
17.24
17.49
17.78
18.36
17.88
19.39
18.84
17.76
17.95
17.66
20.07
20.44
18.51
17.52
17.51
18.21
17.85
17.86
20.08
18.68
19.99
17.63
18.23
17.77
18.17
17.16
17.83
17.8
17.34
17.54
17.53
18.13
17.16
18.71
17.73
17.44
17.33
17.42
18.02
17.54
18.26
20.16
17.74
18.08
18.08
20.23
18.01
20.57
17.22
19.02
19.7
21.1
20.23
19.52
18.55
17.75
18.57
18.17
17.7
17.57
19.01
17.16
19.16
17.5
20.14
18.86
19.92
18.74
18.68
19.05
17.97
19.16
17.28
18.98
19.13
18.96
19.52
17.4
18.91
17.28
18.58
17.86
18.96
17.38
18.03
18.37
17.41
19.07
18.73
18.13
16.96
17.89
18.53
16.85
17.89
17.49
18.36
20.26
17.79
17.75
17.82
18.58
17.56
17.47
18.43
17.32
19.51
18.45
20.24
19.42
20.25
17.71
17.75
18.17
17.22
17.55
17.91
18.14
17.49
16.92
18.75
16.69
17.69
18.27
18.94
17.5
18.17
18.17
18.88
19.55
19.02
18.74
19.18
17.44
18.99
18.21
18.21
18.86
17.26
18.19
18.56
17.58
18.42
21.31
18.45
18.35
17.69
18.18
18.71
18.09
18.39
18.71
18.34
18.05
17.69
18.64
17.85
17.82
17.95
19.41
16.81
17.21
19.38
16.7
17.25
18.43
17.47
18.14
17.2
17.51
19.98
18.31
17.58
18.63
19.14
21.01
18.42
17.69
16.66
18.3
19.14
17.65
18.92
19.72
17.86
19.35
17.17
18.31
20.72
17.24
18.31
17.42
18.31
19.06
19.53
18.63
17.51
18.31
19.6
19.62
19.18
19.38
17.88
18.71
17.44
17.75
16.41
17.55
18.24
17.34
18.35
17.73
17.94
17.32
18.65
17.67
17.31
18.06
17.84
19.46
19.99
19.94
17.29
17.12
17.2
17.64
18.42
17.17
17.4
17.39
17.97
18.88
17.57
20.76
17.87
17.04
18.63
18.38
17.97
17.36
18.14
17.93
18.28
18.21
18.08
18.75
17.31
20.94
20.7
17.3
18.52
18.75
17.58
18.5
17.39
21.49
18.38
17.55
18.42
18.11
17.08
16.69
18.69
19.93
18.17
18.62
17.99
18.41
18.58
17.98
17.79
17.79
18.69
17.89
17.01
18.32
17.96
17.87
20.15
17.9
18.66
17.88
17.75
18.71
17.62
19.19
17.74
18.62
17.16
18.36
16.93
19.8
20.16
17.81
18.62
18.82
19.58
17.05
17.73
16.82
18.06
17.75
17.08
17.51
17.11
17.98
17.51
18.03
18.64
17.57
18.41
19.1
19.8
18.92
17.42
17.53
18.49
18.49
18.27
17.76
18.38
18.54
19.04
18.38
18.4
19.7
18.28
19.59
17.95
17.59
17.69
18.88
17.71
18.1
17.43
19.05
18.27
17.76
20.74
16.85
17.47
17.85
17.26
17.19
17.11
17.85
17.93
18.88
17.93
19.25
17.28
17.01
17.7
17.65
17.74
18.0
18.79
17.52
17.91
18.37
18.72
17.39
17.81
19.79
17.11
19.11
19.71
17.02
17.55
16.98
17.83
19.27
18.67
18.94
18.94
19.36
18.91
19.03
19.82
16.87
19.09
18.09
18.69
19.63
18.04
17.12
18.22
18.62
18.4
18.78
18.48
17.52
19.01
20.4
18.8
17.65
16.93
17.41
18.12
18.43
17.55
18.53
17.73
17.74
19.51
19.38
17.3
16.86
16.91
18.29
17.89
18.58
17.39
18.12
19.62
20.4
18.99
19.53
19.58
17.96
17.61
18.11
19.2
19.45
18.89
18.46
17.71
17.78
16.97
19.64
19.29
19.82
17.33
18.55
18.13
19.36
18.98
17.62
19.66
18.51
19.36
16.87
16.5
16.83
16.68
17.52
17.42
18.02
19.22
18.09
17.31
18.57
17.37
17.41
17.19
21.01
19.33
17.55
17.34
19.36
17.82
18.46
18.72
18.21
20.22
20.17
17.09
17.21
19.87
18.21
19.04
17.01
17.71
17.25
18.57
17.53
20.31
19.25
19.22
16.18
19.42
18.18
18.82
20.34
19.77
21.16
20.18
19.43
20.01
19.9
19.02
19.82
18.92
19.31
18.83
18.55
19.27
18.7
19.49
19.39
19.1
18.45
17.32
17.3
17.78
16.88
18.29
16.9
15.84
16.02
17.2
17.37
16.19
17.93
17.09
16.48
16.79
15.81
18.54
16.65
16.85
16.49
17.11
18.04
17.11
16.7
16.3
17.1
16.74
16.08
17.04
16.9
17.46
17.18
17.76
16.77
17.33
16.39
16.41
16.73
18.46
18.46
18.52
16.31
16.54
16.79
16.41
17.08
18.47
17.45
17.53
17.77
16.99
17.11
17.26
16.11
16.44
16.39
16.81
16.11
17.09
16.5
17.45
16.13
17.65
16.93
17.2
15.98
16.74
17.81
17.99
17.84
16.67
16.45
17.38
18.32
16.75
17.34
17.26
17.31
17.94
16.85
17.58
16.33
18.25
16.44
15.89
17.97
18.6
16.4
17.11
17.43
17.01
17.6
17.06
15.92
15.59
17.51
17.23
18.48
16.44
17.21
16.91
17.48
16.48
15.79
17.64
16.5
15.77
16.59
17.86
16.7
15.84
17.41
16.1
16.77
16.76
18.37
16.61
16.56
16.45
18.52
17.91
17.88
17.96
15.86
17.5
16.91
16.69
17.56
16.99
16.26
17.21
18.42
17.99
18.1
17.84
18.09
17.82
16.6
15.95
16.72
16.18
16.78
17.89
16.56
16.46
16.73
16.0
16.29
17.31
16.8
16.32
16.36
17.85
16.54
16.17
16.99
16.78
16.91
17.68
17.41
17.1
17.66
18.42
18.14
16.88
16.86
16.35
16.39
16.79
16.03
16.37
16.41
17.14
16.16
16.54
16.73
18.13
17.07
16.78
16.22
17.35
17.39
18.64
16.13
16.44
16.5
16.12
16.88
16.52
17.96
16.64
16.18
16.28
16.07
18.97
16.59
17.72
16.83
16.95
17.13
16.76
18.8
17.03
16.9
17.57
18.39
17.03
18.86
16.95
19.01
17.32
16.59
18.48
17.32
18.24
18.76
16.67
16.41
16.93
18.84
17.55
17.18
18.7
18.03
17.06
16.52
17.62
18.17
16.29
17.64
16.18
17.93
16.77
17.01
16.17
16.11
16.32
16.24
16.45
16.73
16.16
17.53
16.98
16.6
16.38
16.29
16.54
16.36
16.44
17.18
17.12
16.54
15.86
16.57
16.33
16.65
16.61
15.85
16.73
16.62
16.54
16.62
17.25
17.54
17.33
17.09
16.52
16.31
16.75
17.86
18.08
18.13
16.37
16.79
16.01
16.04
17.39
17.9
16.62
17.81
15.72
17.79
15.96
17.58
17.75
17.68
18.23
16.87
17.07
16.12
16.82
17.88
17.05
18.16
18.17
17.47
16.98
18.38
17.23
18.59
17.48
17.54
17.87
18.57
16.52
17.43
17.56
17.51
17.59
16.97
17.85
18.09
17.93
17.46
17.17
16.82
17.44
16.61
18.1
18.59
16.73
17.45
17.3
18.56
17.79
16.56
17.49
17.58
16.12
16.26
17.31
17.78
17.97
17.16
17.89
16.22
17.08
17.05
16.12
16.69
17.78
16.27
17.14
16.57
17.23
17.0
18.14
16.89
17.21
17.18
16.53
17.32
17.64
16.33
16.94
16.96
17.45
17.74
17.95
17.29
17.16
17.45
16.94
17.94
16.37
16.88
17.07
16.58
16.28
16.02
17.47
16.58
17.68
17.64
16.0
16.79
17.61
17.34
17.11
17.39
17.3
16.82
17.18
16.28
16.75
17.49
16.57
16.78
16.62
16.57
17.39
17.74
17.0
17.89
16.63
16.89
17.21
17.99
17.39
16.9
18.08
16.68
16.71
17.08
17.15
18.14
17.5
16.97
17.19
17.06
16.06
16.61
16.9
16.17
17.21
17.72
17.09
17.55
17.24
17.37
17.45
16.27
17.75
16.13
16.68
18.0
17.38
17.33
16.81
17.57
17.68
16.44
16.49
17.03
16.76
15.95
17.81
16.46
16.45
17.64
17.2
17.98
16.72
17.73
16.77
17.31
17.7
16.88
16.24
16.5
16.97
16.64
16.36
16.93
17.55
17.63
17.68
17.51
16.73
16.87
17.02
18.13
17.26
17.66
16.99
17.51
16.78
17.48
17.04
17.72
17.19
16.78
17.1
17.09
17.53
17.71
16.52
16.48
17.65
17.27
16.97
16.47
16.21
17.11
17.11
17.19
18.44
16.68
17.34
17.39
17.36
16.75
16.93
17.12
16.71
16.81
16.99
16.85
17.32
16.47
16.98
16.41
16.24
16.84
17.06
16.56
18.03
16.82
17.32
18.03
16.83
17.59
17.05
17.33
17.42
16.27
17.32
17.33
17.7
17.32
17.3
16.78
17.38
16.93
17.05
17.68
16.71
17.42
16.0
18.41
17.38
17.42
17.06
16.79
16.07
16.74
16.9
15.91
17.0
16.58
16.75
16.89
17.45
16.82
16.47
16.63
16.56
16.9
16.78
18.4
17.68
16.42
17.69
17.13
17.69
16.49
15.98
16.35
16.96
17.1
16.18
16.88
16.68
17.6
17.62
16.74
17.5
17.13
16.84
15.88
17.1
17.42
17.57
17.09
17.39
15.69
17.0
17.32
17.69
16.3
16.93
16.43
18.22
17.08
17.71
16.7
17.03
16.6
16.87
17.29
16.82
16.78
16.82
17.02
17.17
17.5
16.74
16.78
17.73
17.05
16.59
17.34
15.72
16.83
17.92
16.69
16.59
17.2
16.77
16.76
18.44
16.0
16.69
17.23
16.94
16.3
17.41
17.35
16.73
17.69
17.66
16.73
17.15
16.38
17.42
16.86
16.75
16.98
16.88
16.7
17.1
17.02
17.62
16.58
17.13
16.81
18.07
17.58
18.35
18.29
17.05
16.14
16.48
17.04
16.84
17.36
16.33
17.14
17.13
17.1
16.69
17.15
16.9
17.19
17.3
17.38
16.82
16.17
17.37
17.09
17.02
16.94
17.19
16.18
17.81
16.28
15.84
15.99
17.02
17.71
17.02
17.2
17.97
16.24
17.17
17.76
16.48
16.6
17.09
18.83
16.64
16.94
15.92
17.03
16.09
17.35
18.2
18.34
17.44
16.96
17.53
16.77
16.22
16.78
16.59
17.99
16.98
18.22
16.84
16.32
17.32
16.13
17.45
17.9
16.04
17.8
16.76
18.25
16.94
17.34
16.32
17.98
17.37
17.87
18.01
17.76
16.6
16.91
17.89
16.31
15.84
16.86
16.77
16.6
16.95
16.03
17.12
17.06
16.57
17.14
16.39
17.43
16.3
17.65
17.0
17.81
16.71
16.77
17.64
16.06
16.23
16.51
18.91
18.69
16.97
18.48
17.3
16.29
18.23
16.63
17.26
16.45
18.16
16.98
16.87
16.93
17.64
16.34
16.62
15.88
17.04
16.53
16.38
16.83
17.15
17.46
16.54
16.09
17.12
16.54
16.68
16.03
16.84
16.6
16.54
16.87
16.47
17.5
16.43
16.12
16.53
17.45
16.32
15.75
17.17
17.2
15.82
16.34
16.11
16.61
16.7
17.9
17.37
16.8
19.02
16.71
16.9
15.95
16.78
17.27
16.31
17.3
18.36
17.84
17.64
16.16
18.42
16.49
16.81
16.45
16.29
17.18
17.74
16.83
17.14
16.28
15.95
17.25
17.9
16.88
18.49
15.94
16.54
16.89
17.04
15.91
17.06
16.23
16.47
17.13
16.99
16.43
16.66
16.17
16.37
16.41
17.04
17.41
16.05
16.5
16.36
17.33
16.21
17.2
16.97
15.91
16.85
17.21
17.15
16.29
16.73
16.79
16.52
19.3
17.04
16.63
16.99
16.41
16.93
16.5
17.54
18.1
16.28
16.36
16.46
17.13
17.61
16.62
18.85
17.8
17.26
16.34
16.43
16.74
16.26
17.04
18.46
16.68
17.14
16.34
16.67
16.44
16.66
17.56
16.41
16.28
16.57
16.74
16.4
17.01
16.21
16.13
16.98
16.2
16.35
16.31
17.06
17.72
16.32
16.66
17.43
18.47
17.01
17.56
16.83
16.91
17.33
16.95
16.77
17.92
18.5
16.45
16.91
17.33
16.44
16.39
16.96
15.98
16.46
17.3
17.51
17.42
16.5
16.13
16.32
17.74
17.88
16.32
17.36
17.1
16.14
16.13
17.18
16.68
16.5
16.17
16.95
16.85
17.87
17.69
17.69
17.13
16.44
16.56
17.15
16.72
16.91
16.79
16.57
17.27
17.08
18.16
17.75
16.85
18.09
16.98
17.44
18.89
16.41
16.88
18.3
15.85
16.93
18.3
16.23
17.2
17.02
16.75
17.48
16.25
16.28
17.75
18.71
17.31
18.36
16.23
16.89
16.06
16.97
16.56
17.5
16.73
17.06
17.8
18.02
16.9
17.59
16.53
17.15
16.46
16.41
18.51
17.84
16.35
16.39
18.99
16.18
17.91
17.52
18.08
16.75
18.73
18.29
18.1
16.77
16.62
18.31
18.24
17.65
17.51
18.72
18.42
18.32
17.58
17.6
18.05
18.29
18.58
17.72
18.18
16.43
17.74
17.43
18.43
16.7
18.36
17.68
18.47
17.49
17.8
17.11
16.97
17.19
17.49
16.65
16.51
17.61
18.33
16.6
18.15
16.71
16.9
19.33
18.33
17.7
17.8
18.56
16.54
17.62
17.75
16.35
16.62
16.76
17.32
16.86
18.11
16.76
17.35
19.03
17.15
19.95
17.31
20.35
17.67
18.43
18.0
17.56
18.88
18.89
18.19
19.5
17.75
16.58
16.41
18.25
18.72
17.3
17.07
19.54
18.45
17.94
18.25
18.74
19.81
19.57
18.77
18.32
19.02
17.03
16.91
17.84
17.06
17.06
16.71
17.83
16.41
18.51
16.25
16.8
16.42
17.56
16.71
16.56
16.81
16.72
16.9
17.31
16.87
16.51
17.1
16.85
16.88
21.85
19.13
19.14
18.36
18.93
18.52
19.44
19.42
18.84
19.44
18.28
19.34
18.15
19.13
20.17
18.54
17.19
19.6
19.43
18.45
19.19
18.69
19.13
19.31
18.56
19.35
19.49
18.79
19.09
19.11
19.17
19.11
20.28
19.19
18.49
20.25
18.25
19.92
20.46
18.82
21.34
17.63
19.31
19.58
18.24
16.98
16.9
20.5
16.78
17.24
16.44
16.36
17.77
17.63
17.48
18.41
15.89
19.45
18.85
19.72
19.31
17.78
17.51
18.94
20.45
18.23
19.38
18.85
17.52
18.12
19.86
19.35
18.8
18.47
18.25
18.44
19.34
19.29
19.2
18.95
18.96
18.47
18.73
18.32
20.27
19.36
19.18
19.78
19.41
18.97
19.94
19.17
19.65
18.78
17.9
19.51
21.49
19.12
19.94
19.65
19.24
19.39
18.72
19.52
18.7
18.28
18.87
17.7
19.16
19.94
19.17
17.89
18.23
20.08
19.32
19.11
18.94
19.91
18.65
18.76
18.51
17.06
18.98
19.04
19.32
20.22
19.09
21.31
20.01
18.99
20.45
19.6
19.14
18.14
18.93
19.02
17.33
18.15
18.89
18.41
19.07
20.08
19.87
20.35
18.57
19.01
19.28
19.05
20.63
19.21
20.1
20.17
18.08
19.51
18.93
19.02
19.76
18.76
19.7
19.87
19.51
19.02
19.97
18.55
19.0
19.63
18.77
20.54
18.3
19.86
21.09
19.79
21.03
18.72
19.35
20.46
19.34
18.7
19.44
20.81
19.97
19.63
18.44
17.06
18.24
17.84
18.68
18.95
19.08
16.77
18.78
19.04
19.0
18.59
17.31
17.95
19.52
18.1
19.06
16.34
19.03
19.03
19.61
19.51
19.29
19.13
19.33
19.43
17.43
19.29
18.12
17.72
19.5
19.51
19.5
17.92
18.04
18.58
17.92
18.77
20.05
18.48
18.84
17.94
19.08
19.13
20.81
19.44
19.69
21.0
19.36
19.27
19.06
17.93
19.29
18.45
19.66
20.15
20.79
19.17
17.12
19.07
19.34
19.62
18.83
18.83
19.59
18.81
20.12
19.54
18.9
20.72
19.89
19.56
19.61
18.69
18.66
18.55
18.65
17.91
18.17
19.28
18.31
18.84
18.94
18.9
18.26
18.84
17.91
19.94
18.44
19.62
19.71
19.05
19.35
19.51
17.85
19.12
18.51
19.47
18.74
20.29
17.08
18.19
18.46
18.24
18.4
19.13
19.28
20.58
18.54
18.71
22.14
18.75
19.43
19.45
19.37
19.7
18.87
19.61
18.43
20.31
20.14
20.35
19.82
18.49
19.11
20.49
18.54
18.58
19.41
19.3
19.45
18.66
18.94
19.19
18.87
21.2
20.8
19.97
19.14
19.0
21.95
20.54
18.67
19.46
19.39
18.53
19.54
18.01
18.48
19.27
18.23
19.53
18.56
18.08
18.6
19.74
19.31
19.09
18.32
19.28
19.09
20.26
19.05
19.23
19.92
18.77
19.52
19.18
19.45
19.53
19.72
20.34
20.26
18.71
19.86
19.79
20.44
20.18
18.86
17.22
17.56
19.23
19.49
19.23
19.06
19.14
18.9
20.67
18.95
17.55
19.8
19.47
20.34
20.07
18.67
17.77
19.95
18.74
18.79
18.86
19.19
18.89
18.07
18.6
17.89
19.16
17.8
19.71
19.41
21.53
19.11
19.16
18.92
19.02
18.65
18.14
18.83
18.61
18.44
19.06
18.84
19.16
18.83
18.67
19.59
17.96
17.05
17.93
18.47
18.17
19.93
19.04
19.05
19.03
18.86
18.66
17.92
18.36
18.32
19.08
18.81
18.15
18.9
19.1
18.71
18.8
20.05
18.86
18.71
19.07
19.63
18.35
19.24
19.49
19.64
19.59
20.12
20.83
19.95
19.3
18.26
18.9
20.26
19.11
20.52
18.91
18.89
19.1
17.5
18.71
19.33
18.19
19.27
19.23
19.47
18.54
18.4
19.51
18.41
19.25
17.5
20.29
19.8
17.9
17.99
17.19
18.2
18.5
17.89
17.98
17.93
17.96
17.56
17.68
18.04
17.17
17.99
17.64
17.76
17.68
16.89
17.76
16.75
17.17
16.84
17.54
18.01
17.09
16.99
17.98
17.64
17.32
18.11
16.45
17.64
17.19
17.56
17.57
17.74
17.5
18.3
18.18
18.39
17.99
18.01
18.0
17.95
17.68
18.63
17.92
17.56
18.19
18.22
18.13
17.19
17.48
17.94
18.84
16.91
18.46
17.89
18.67
17.13
18.7
17.68
19.74
17.08
18.88
18.2
19.05
17.44
18.66
18.17
16.78
17.68
17.34
16.96
18.22
18.52
19.27
19.17
18.83
17.74
18.23
18.59
18.54
17.35
17.63
19.65
17.49
18.88
17.53
19.33
18.89
19.16
18.36
18.83
20.03
19.99
19.47
18.98
18.57
17.34
17.83
18.81
17.71
18.0
19.5
18.0
17.56
20.28
21.33
17.78
20.5
18.1
19.32
19.73
19.28
17.81
18.98
19.21
19.12
17.05
18.5
18.62
18.86
18.83
17.71
18.79
18.36
19.21
19.91
19.3
18.02
19.17
18.39
19.55
19.18
18.12
18.43
18.26
18.22
18.37
18.7
18.31
18.63
18.44
18.12
18.18
17.01
18.41
17.66
18.98
18.35
19.51
20.05
18.87
18.3
17.78
17.97
18.54
18.23
18.36
20.05
18.58
17.31
17.94
17.79
18.7
18.55
19.47
21.61
19.67
18.37
19.25
19.66
18.3
20.31
18.7
18.61
18.53
18.3
17.39
17.25
17.58
17.49
18.82
16.9
17.24
20.02
18.16
17.27
19.81
19.14
20.23
17.74
18.03
18.26
18.23
17.1
17.93
20.5
17.77
19.78
18.73
19.92
18.55
17.42
17.91
18.9
18.42
17.48
18.4
18.87
19.51
18.8
18.43
18.95
18.03
19.5
18.67
17.63
19.15
18.27
20.95
21.58
22.13
21.21
17.9
18.79
18.62
19.34
18.51
18.38
19.93
20.31
19.89
20.42
19.08
17.7
19.14
19.14
18.62
18.64
18.72
17.97
18.86
19.03
19.12
19.89
19.87
19.23
17.37
18.09
19.73
19.33
17.86
17.55
18.7
18.14
17.4
18.94
18.57
19.51
19.41
18.67
18.06
18.01
17.14
17.26
19.11
19.25
19.6
18.49
17.86
18.07
18.95
17.83
18.07
17.44
16.85
19.39
17.32
19.84
18.73
19.78
18.32
19.68
18.74
19.75
18.11
16.93
17.49
17.3
17.28
19.88
20.14
18.14
19.53
17.98
19.18
17.73
18.01
18.69
19.69
20.14
18.76
20.05
17.13
19.5
19.09
19.3
18.68
19.5
18.65
19.83
20.67
17.71
19.35
20.52
19.32
19.88
19.94
18.54
18.15
17.55
17.96
18.08
19.93
18.44
19.41
19.92
16.9
19.06
17.53
18.57
18.94
18.4
18.48
19.87
19.56
19.45
20.16
18.3
18.08
17.7
17.88
18.07
18.54
18.48
18.4
19.07
19.35
18.97
17.16
18.59
19.06
20.65
17.97
17.67
18.17
18.29
19.92
19.48
17.59
17.55
19.19
18.69
18.49
18.81
18.73
19.82
19.09
16.81
19.96
19.71
19.49
18.82
18.62
19.17
20.11
18.88
18.8
19.56
18.76
20.16
19.51
17.37
19.86
17.67
18.49
18.84
18.46
17.39
17.11
18.42
18.85
17.52
19.39
18.5
19.91
17.89
19.22
18.29
19.4
19.35
20.84
16.83
20.04
20.35
17.2
18.82
19.05
17.73
17.51
19.15
19.84
18.85
19.29
18.54
19.02
18.58
18.11
18.83
18.18
16.66
18.99
18.1
17.76
18.37
17.43
17.84
16.59
17.21
15.92
16.43
19.93
16.81
16.88
17.07
17.6
17.26
17.9
16.77
17.45
17.92
17.06
18.94
17.81
18.36
16.61
16.97
18.55
17.41
17.46
18.6
16.65
17.56
17.21
17.53
16.84
16.51
16.53
17.05
17.84
18.35
17.84
17.09
16.8
17.38
17.46
18.44
17.84
18.35
18.02
18.41
18.28
18.36
17.45
18.68
17.51
17.81
18.48
18.03
17.26
17.26
18.13
17.63
17.76
17.21
18.27
18.04
18.82
17.65
17.12
17.3
17.77
16.67
18.9
18.72
18.14
16.85
17.82
18.63
17.23
17.59
18.45
17.72
16.91
18.27
17.89
18.51
18.25
16.78
16.56
17.62
17.49
17.38
17.41
16.85
17.03
17.37
16.52
17.8
16.51
16.51
18.69
16.26
18.86
17.15
16.75
16.42
17.13
16.08
17.24
17.35
16.94
17.06
17.06
17.1
18.53
17.9
17.94
17.23
16.9
16.63
18.02
16.42
16.31
15.74
16.26
16.43
19.1
16.41
17.19
15.99
16.98
16.9
17.53
16.25
17.55
16.24
16.52
17.59
17.79
17.56
16.66
17.6
17.26
16.19
16.46
17.32
17.07
15.93
16.56
15.53
16.36
17.84
18.04
16.19
17.05
17.06
15.82
16.49
16.84
18.13
16.35
16.11
16.79
15.87
16.59
17.26
15.77
16.35
17.12
16.41
17.76
17.23
16.22
17.83
15.96
17.26
17.28
16.98
16.87
17.42
17.06
17.91
16.2
16.1
17.09
17.93
17.0
17.69
15.76
17.06
16.65
16.43
16.53
17.27
17.43
17.13
16.7
17.65
17.68
16.1
15.78
18.13
16.02
15.95
17.76
16.38
16.54
17.02
15.96
17.05
16.62
16.78
16.93
16.52
17.5
15.98
18.65
16.26
16.48
16.17
17.28
18.06
16.74
16.07
16.86
16.62
17.49
17.8
17.29
16.55
16.84
17.11
17.59
16.87
17.76
17.21
16.21
16.27
16.45
16.27
16.7
16.43
16.26
16.48
18.08
17.01
16.25
17.7
16.96
16.35
16.26
17.52
17.49
18.46
18.32
17.21
16.88
16.41
17.17
16.58
16.6
17.17
15.98
17.07
17.46
17.43
17.58
17.8
17.28
17.06
16.86
16.96
16.74
16.63
17.52
17.4
16.67
17.23
17.61
17.76
18.23
16.67
17.07
16.57
18.79
16.5
18.46
18.61
17.85
18.35
17.46
17.95
16.26
17.46
18.24
17.37
16.16
18.37
15.86
17.11
17.2
16.9
17.46
16.75
16.91
16.81
17.14
17.07
17.26
17.55
17.89
16.17
16.88
16.65
16.11
18.02
16.57
16.74
17.49
17.44
17.28
16.66
17.08
16.38
17.38
17.17
17.0
16.59
18.01
16.11
16.13
17.38
16.14
16.87
16.82
16.85
17.09
15.83
18.04
16.11
16.48
17.49
15.91
17.82
16.05
17.14
17.75
17.7
16.51
17.19
16.91
17.08
16.46
17.17
16.89
16.38
17.35
16.2
16.22
18.81
16.92
17.04
16.06
17.69
16.5
16.64
17.09
18.79
17.83
16.73
16.49
16.3
16.93
16.79
18.03
16.81
16.37
17.52
16.02
17.72
16.49
16.38
18.12
16.08
16.44
16.59
16.3
16.59
16.9
17.42
17.56
19.41
16.97
16.3
17.5
17.69
18.03
18.44
19.27
16.45
16.65
16.74
16.56
16.3
16.88
16.05
16.83
16.23
16.16
16.21
16.61
17.3
17.29
17.4
16.86
17.45
16.64
16.73
16.93
16.34
16.63
17.96
18.7
16.64
16.28
16.81
17.8
16.44
16.65
17.92
16.33
16.57
17.25
16.71
17.55
16.7
17.4
16.13
16.93
17.38
16.44
16.02
16.33
18.3
17.01
16.77
17.12
17.11
15.98
16.64
16.04
17.48
16.89
17.27
18.13
17.6
16.76
17.1
17.17
16.17
17.72
17.02
16.79
16.08
17.29
16.02
17.25
16.41
17.53
16.0
17.17
16.46
16.23
17.51
16.67
17.49
16.9
17.19
15.46
16.97
17.71
15.89
16.8
17.69
16.86
17.25
16.55
16.86
16.98
17.48
16.17
16.66
16.98
16.91
16.74
16.32
17.14
17.27
16.76
17.39
18.17
16.84
15.9
17.17
17.99
16.46
16.72
16.42
17.49
16.32
16.34
16.15
16.2
17.55
16.6
16.66
16.63
16.49
15.91
17.19
17.14
16.81
16.11
16.88
16.3
16.69
17.39
18.18
16.69
16.49
17.61
17.28
16.65
16.29
17.48
16.97
16.98
17.19
17.02
18.16
18.57
17.33
17.16
16.83
18.49
17.93
17.58
16.81
17.52
17.67
17.84
16.58
17.76
16.63
16.51
16.86
17.11
16.07
15.96
16.62
16.75
17.62
16.85
17.12
16.54
17.65
16.98
17.1
17.3
15.97
16.57
16.15
16.44
16.33
17.09
17.52
16.59
17.44
16.8
16.73
18.37
16.91
18.83
16.43
16.26
16.49
17.97
18.71
17.03
17.0
16.24
16.36
17.77
16.21
16.91
17.47
16.27
18.64
17.63
17.61
16.6
16.36
16.31
17.57
16.85
18.48
17.6
17.21
18.69
16.58
16.62
17.22
17.41
18.46
16.27
17.81
16.85
17.02
17.75
17.79
16.8
16.78
17.1
17.78
16.15
16.68
18.07
16.17
18.69
17.28
16.36
16.42
16.57
18.77
17.28
16.27
17.68
16.31
17.29
16.2
16.13
18.14
16.58
17.11
16.19
17.29
17.44
16.53
16.26
16.29
16.78
16.46
16.71
16.58
16.16
16.63
17.05
16.71
18.42
16.65
17.68
16.49
16.29
16.58
15.97
16.21
17.67
15.76
18.46
16.64
16.01
16.82
16.0
16.28
16.66
16.79
16.38
16.87
15.91
16.55
16.4
16.5
18.37
15.98
16.42
16.92
19.13
18.0
17.34
18.35
17.35
17.76
18.22
18.96
17.72
19.08
18.13
17.06
18.62
17.86
16.18
16.54
17.48
16.56
16.37
16.79
16.65
16.69
17.4
16.15
16.29
16.52
17.47
16.45
16.38
16.98
17.1
16.72
17.04
16.95
17.73
15.97
19.4
17.31
17.09
17.89
17.6
16.73
17.08
17.83
16.75
16.64
16.45
16.45
16.77
17.49
17.28
16.37
16.29
16.46
16.6
15.74
15.99
16.3
16.71
17.01
16.56
16.59
17.96
16.77
16.62
16.04
17.15
17.88
16.89
16.69
16.36
17.29
16.67
15.99
16.71
16.36
17.08
16.75
16.17
16.32
15.75
16.91
17.31
16.89
15.99
16.61
17.44
16.64
17.59
16.5
16.2
17.42
17.05
16.69
17.17
17.34
16.37
16.86
16.17
17.38
17.76
17.42
16.99
16.74
17.99
16.87
16.35
16.6
18.47
16.65
18.13
16.37
16.39
16.87
16.21
16.44
18.41
17.84
17.59
17.65
17.73
17.15
16.02
17.42
17.39
17.06
16.81
16.3
17.14
16.46
16.58
16.66
16.47
15.88
16.9
17.43
16.77
17.36
17.2
16.6
16.82
17.5
16.45
16.55
16.27
17.02
17.38
16.88
16.89
16.76
16.05
17.55
15.73
16.15
15.97
16.7
17.79
16.1
15.86
16.63
15.78
16.19
16.66
16.75
16.77
16.52
16.86
16.18
17.63
16.1
17.03
16.45
16.38
17.45
16.84
16.81
16.24
16.51
16.99
15.78
17.19
16.15
16.63
16.47
16.8
16.71
16.4
17.38
18.2
16.47
15.94
16.8
16.92
16.23
16.32
16.62
18.25
17.27
17.09
18.01
17.7
17.79
16.07
17.35
17.27
16.42
16.99
17.39
17.88
16.97
16.19
18.02
17.28
17.66
17.62
18.9
16.69
16.24
19.24
16.08
17.02
16.88
16.56
16.29
16.32
16.19
17.69
16.96
17.73
17.18
16.88
17.22
17.65
17.48
18.53
17.13
18.54
17.68
17.06
16.45
17.63
16.79
17.55
17.17
17.7
17.47
17.89
17.33
16.88
18.07
16.82
16.97
16.96
18.04
16.34
16.58
16.31
17.1
17.73
17.7
16.96
17.96
18.33
17.67
16.35
17.03
16.84
17.49
17.64
17.37
17.29
17.7
16.27
17.28
17.74
18.01
17.34
17.8
16.8
16.82
17.77
17.97
17.48
18.3
16.96
16.94
16.93
17.22
17.69
17.68
17.92
16.34
18.53
16.87
18.4
16.79
16.81
17.78
16.53
17.19
17.16
17.87
17.83
17.9
17.48
18.83
17.1
17.83
17.02
17.01
16.78
