17.35
16.45
16.54
15.97
16.86
16.47
18.31
18.88
16.06
16.32
16.76
17.12
16.65
16.87
16.62
17.18
16.01
16.05
16.66
16.36
16.23
16.2
16.31
16.67
16.09
16.82
17.95
16.68
16.42
16.68
16.14
16.63
16.71
16.89
17.21
17.02
17.36
16.1
16.47
17.06
16.16
16.28
16.32
16.14
17.18
16.12
15.93
16.74
16.63
16.75
16.42
16.48
16.13
16.42
16.48
16.2
17.2
16.62
16.41
16.19
16.1
18.42
17.92
16.99
16.71
16.23
16.8
16.29
17.02
16.27
16.42
16.08
16.92
16.15
16.92
16.93
16.68
16.75
17.53
16.69
16.13
17.12
16.8
17.13
16.81
16.47
16.48
17.24
15.72
16.8
16.78
17.4
16.07
16.43
17.07
16.64
16.41
16.32
16.5
16.48
16.53
17.59
15.97
16.54
16.28
16.58
16.93
16.86
16.51
16.24
17.2
16.51
16.33
16.64
16.49
16.25
16.5
16.75
17.52
16.07
16.69
16.02
16.32
17.05
16.91
16.06
16.95
16.7
16.45
16.49
16.42
17.79
16.74
16.67
15.44
16.32
16.15
16.39
16.87
16.41
16.6
17.2
16.73
16.79
16.71
17.05
16.86
16.71
16.42
16.15
16.72
16.49
17.16
16.91
17.21
16.27
16.48
15.98
16.79
16.26
16.97
17.07
16.65
16.79
16.59
15.83
16.83
16.63
17.42
16.58
17.43
17.06
16.29
17.27
16.52
16.03
16.58
16.02
17.13
16.59
16.42
16.5
16.65
17.1
16.06
16.74
17.26
17.15
18.69
16.18
16.38
16.25
16.59
16.07
15.78
16.35
16.05
17.82
16.79
16.46
16.29
15.5
17.02
15.98
16.54
16.13
16.66
16.28
16.49
16.28
15.68
16.51
16.03
16.23
17.05
16.97
16.49
16.11
16.07
16.52
16.14
16.27
16.25
16.47
16.11
16.61
16.27
17.0
16.83
16.6
16.15
16.76
16.34
16.32
16.23
15.92
16.43
18.0
16.74
16.82
16.38
16.22
16.59
16.17
16.23
16.75
16.24
16.08
16.82
16.62
16.73
16.92
16.64
16.34
16.86
16.76
16.04
16.35
16.35
16.78
16.5
16.46
17.1
16.16
18.07
17.09
15.85
16.44
16.37
16.22
15.86
17.01
16.16
16.73
16.37
16.95
15.79
15.51
16.94
16.47
16.27
16.36
16.54
16.01
15.85
16.58
16.85
17.64
16.94
16.35
16.15
16.6
15.9
16.89
16.17
16.37
16.5
17.57
17.04
16.33
16.46
16.64
16.29
17.15
16.34
16.62
16.4
16.73
16.21
16.78
16.99
16.56
16.37
16.19
16.37
16.01
16.44
16.6
16.13
16.81
15.91
16.43
15.94
16.05
15.71
16.25
16.03
16.68
16.22
16.18
16.3
16.07
16.06
15.98
16.43
16.68
17.0
16.25
16.56
18.58
17.33
16.26
16.26
16.55
16.29
15.75
16.31
16.41
16.09
16.27
16.88
16.18
16.75
16.3
16.32
15.91
16.84
16.28
16.33
16.5
15.8
16.06
16.44
16.65
16.0
15.98
16.7
16.7
16.58
16.93
16.07
16.64
16.44
16.49
15.82
16.0
16.23
16.72
16.08
16.31
16.16
16.19
16.71
16.4
16.1
16.18
16.25
16.64
16.66
16.45
16.26
15.99
16.3
16.0
16.21
16.26
16.93
16.79
16.16
15.87
17.1
16.29
16.07
16.13
16.41
16.07
16.21
16.01
16.11
16.51
16.08
16.54
16.46
16.22
16.43
16.09
15.99
16.26
16.36
17.42
16.82
16.37
16.52
16.79
16.34
16.4
16.33
15.96
16.36
16.23
17.08
16.09
16.01
16.46
16.82
16.39
16.3
16.4
16.07
16.69
16.27
16.51
16.92
15.82
16.48
16.05
16.22
16.87
16.42
16.61
16.48
16.31
16.93
16.25
16.24
16.33
16.02
16.03
16.11
16.16
16.39
16.35
16.81
17.22
15.9
16.82
16.05
16.33
16.01
15.88
15.94
16.13
15.89
16.61
16.13
16.16
16.32
16.23
16.18
17.12
16.44
16.06
15.96
17.3
16.16
16.37
16.0
16.9
17.11
17.61
16.23
16.61
16.37
16.38
16.26
16.85
16.91
16.38
16.58
16.82
16.55
16.13
16.36
16.14
16.85
16.31
16.68
16.82
15.88
16.57
16.31
17.03
16.22
16.17
16.42
16.31
16.52
16.47
16.34
16.41
16.13
16.68
16.45
16.57
16.43
16.6
16.02
16.52
16.39
16.36
16.6
16.48
16.75
16.49
16.5
16.1
16.71
16.28
17.7
16.79
15.91
15.9
16.07
16.53
16.58
16.24
15.93
16.6
16.68
16.03
15.79
16.52
16.04
16.6
15.71
15.96
16.4
16.09
16.36
16.17
15.73
16.0
16.37
16.2
16.19
16.47
16.27
16.03
15.7
16.34
16.18
17.15
16.62
16.28
16.34
16.57
16.44
15.87
16.14
16.16
16.89
15.8
15.52
16.36
16.85
16.11
16.31
15.78
16.13
16.2
16.59
16.18
15.86
16.22
15.9
16.5
16.22
16.14
16.3
16.48
16.58
16.17
16.77
15.89
16.46
16.08
16.58
16.39
16.08
15.88
16.11
15.92
16.79
16.66
16.67
16.39
16.03
16.14
15.94
16.38
16.34
16.15
16.38
16.51
16.69
16.09
15.87
16.63
16.32
16.38
17.05
16.16
15.68
16.22
16.27
16.34
16.16
15.83
16.0
16.44
16.06
16.39
17.25
16.84
16.71
17.02
16.94
16.57
16.11
16.64
15.97
16.21
16.55
16.69
16.56
16.35
16.01
16.16
16.85
15.92
16.46
16.38
16.84
16.13
16.83
16.36
16.01
16.21
16.61
16.11
16.39
17.16
16.16
16.22
16.27
16.26
16.42
16.21
16.58
17.05
16.15
16.33
16.77
17.23
16.05
16.75
16.37
17.09
16.39
16.75
16.51
16.71
17.66
17.45
16.45
17.3
16.11
15.97
16.11
16.55
16.1
16.53
16.55
16.34
16.03
16.79
16.44
16.45
16.53
17.23
16.0
15.88
16.79
15.82
16.59
16.64
16.08
16.44
16.18
16.53
16.08
16.84
16.12
16.61
16.13
16.32
16.14
17.1
15.9
16.83
16.25
15.82
15.87
16.47
16.55
16.07
16.41
16.17
16.53
16.3
16.15
17.14
16.44
15.95
16.87
15.93
16.24
16.73
16.36
16.15
16.57
15.87
16.26
16.61
15.75
16.75
16.26
16.27
16.19
16.31
16.23
16.38
16.32
16.35
16.11
15.84
16.24
16.26
15.98
16.46
16.45
16.32
15.97
16.72
16.43
16.02
16.07
16.09
17.33
16.33
17.29
15.92
15.99
16.14
16.24
16.6
15.75
15.84
16.58
16.13
16.13
16.42
16.81
17.26
16.51
16.15
16.12
16.2
16.61
15.92
16.14
16.16
16.33
15.99
16.7
16.35
16.5
16.57
16.51
15.97
16.41
15.88
16.92
15.76
16.78
16.59
16.59
16.22
16.44
16.25
16.14
16.3
16.37
15.96
16.0
15.84
16.16
16.68
16.48
16.44
16.49
16.07
15.69
16.76
16.0
16.57
16.34
16.66
16.57
16.21
15.86
16.44
16.54
16.63
16.46
16.5
16.54
16.1
16.41
16.13
16.79
16.83
16.54
16.63
15.95
16.26
15.95
15.89
15.64
16.14
16.62
16.69
16.64
16.12
16.37
16.42
16.47
15.88
16.3
16.51
16.33
15.83
16.27
16.39
16.05
16.58
16.29
15.9
16.4
16.47
15.97
16.34
16.21
16.56
16.48
16.79
16.18
15.89
16.32
16.33
15.8
16.53
16.42
16.34
16.37
16.34
16.24
16.66
16.41
16.74
16.12
16.34
16.08
17.25
16.8
16.68
16.06
16.45
16.04
16.12
16.22
16.53
16.04
17.27
15.66
16.37
15.66
15.89
15.94
15.56
17.61
16.17
17.24
16.35
16.12
16.61
16.17
17.24
17.53
16.95
16.61
16.64
16.2
15.96
15.99
16.46
16.5
17.07
16.21
16.1
16.32
15.77
16.68
16.66
16.61
16.05
16.26
16.24
16.16
16.39
16.0
16.09
16.61
16.12
16.05
17.29
16.98
16.23
16.86
16.76
16.26
16.48
16.52
16.44
16.05
15.97
15.83
16.39
16.03
16.23
16.24
17.21
16.4
16.22
16.21
17.32
15.67
16.23
16.22
16.31
16.88
16.08
16.94
16.72
17.0
16.04
16.07
17.91
16.21
16.64
16.05
16.76
16.69
16.15
17.49
16.51
17.13
16.44
17.74
16.42
16.87
17.13
16.29
16.22
16.14
16.5
16.35
16.41
16.03
16.54
17.09
17.54
16.7
16.93
17.2
17.78
17.35
16.97
17.06
17.07
17.4
18.27
16.7
17.89
17.09
17.68
17.3
16.1
17.31
17.3
16.96
18.21
17.6
17.38
18.79
18.38
18.06
16.3
17.29
17.59
16.94
17.95
18.88
16.88
17.16
17.6
17.6
17.87
16.68
17.21
17.7
17.43
18.13
17.27
17.34
16.86
16.39
16.54
16.12
16.21
16.53
16.49
17.62
16.56
16.19
16.14
16.68
15.38
16.24
16.13
16.47
16.82
16.33
15.71
16.82
16.08
16.34
16.28
16.73
16.47
16.49
16.16
16.8
16.14
16.2
15.9
16.59
16.05
16.21
15.83
16.08
16.2
16.12
16.31
16.22
16.32
16.55
16.73
16.72
16.46
16.3
16.97
16.35
16.61
16.26
16.25
15.64
16.09
16.01
15.76
16.2
16.33
16.28
15.94
15.91
15.87
16.45
15.86
16.76
16.28
16.91
16.36
17.01
16.13
16.2
16.38
15.84
16.47
16.48
16.39
16.32
16.44
16.69
16.31
15.82
15.81
16.16
16.42
15.97
16.48
16.71
15.85
16.18
16.7
15.86
17.31
16.86
15.89
16.4
16.46
16.6
16.56
16.02
16.08
16.23
16.6
16.83
15.98
16.3
16.17
16.22
16.46
16.15
15.67
15.95
15.65
16.19
16.48
16.06
17.38
16.55
16.36
16.12
15.67
16.82
16.49
16.23
15.97
15.87
15.74
16.36
15.94
16.17
15.99
16.36
15.87
15.8
15.68
16.46
15.98
16.74
16.24
16.39
16.39
16.73
16.19
16.25
15.89
16.7
16.35
16.35
17.06
15.92
16.76
15.84
16.67
16.49
16.64
16.68
17.4
16.89
16.31
16.47
16.12
16.31
16.14
15.9
15.95
16.52
16.4
16.36
16.33
15.74
16.27
16.09
16.53
16.36
16.9
16.7
16.47
16.13
16.07
16.94
16.54
16.18
16.77
15.92
16.12
16.49
16.46
16.39
17.03
16.08
16.48
16.06
16.1
16.18
16.22
16.51
17.3
15.65
16.4
16.7
16.34
16.33
16.75
16.29
16.69
16.31
15.96
16.29
15.99
15.84
16.12
16.57
16.53
16.22
15.89
16.21
16.47
16.6
16.64
16.53
16.16
16.6
16.95
15.96
16.47
16.34
16.66
16.55
16.11
15.93
16.66
16.0
16.97
16.19
15.87
16.75
16.93
16.23
16.09
15.91
16.3
16.46
15.99
15.82
16.33
16.5
16.1
16.17
16.21
17.05
16.13
16.48
15.72
15.98
17.08
16.36
15.52
15.64
15.94
16.59
16.25
16.2
16.47
15.88
16.79
15.87
16.37
15.93
16.56
16.62
15.87
16.32
16.3
16.49
16.88
16.22
16.4
16.26
16.26
16.09
16.05
16.38
16.88
15.96
15.8
16.55
16.5
16.61
16.45
16.0
16.28
16.61
16.15
16.43
16.73
16.02
16.51
16.82
16.04
16.08
16.14
16.88
16.5
16.6
16.46
15.79
15.89
16.27
16.7
16.8
16.27
16.25
16.29
15.74
16.17
16.34
16.39
15.96
17.28
16.43
16.52
16.89
16.08
16.08
16.59
15.97
16.08
16.79
16.37
15.78
15.81
16.02
16.18
17.0
16.74
16.46
16.3
16.46
15.78
16.31
16.26
15.99
16.07
16.31
16.23
17.17
16.55
17.27
16.22
16.69
15.82
16.92
16.48
16.36
16.03
16.6
16.26
16.84
17.59
16.3
16.69
16.47
15.91
16.02
16.57
16.58
16.21
16.65
16.17
16.48
16.41
16.8
16.01
16.26
16.19
16.0
16.43
15.94
15.94
16.16
16.49
17.14
16.48
16.52
16.65
16.48
15.93
16.3
16.33
16.49
16.06
16.28
16.32
16.5
16.13
16.13
16.65
16.9
16.05
16.54
16.39
16.24
16.33
16.57
16.12
16.44
15.94
16.69
16.44
16.5
17.02
15.8
15.95
16.13
16.72
15.92
16.06
16.53
16.33
17.24
16.38
16.06
16.23
16.14
15.96
16.6
17.24
15.91
16.27
16.51
15.86
16.04
16.07
16.46
15.96
16.64
17.16
16.23
16.04
16.17
15.95
16.46
16.34
16.35
16.16
16.13
16.34
16.26
16.22
16.24
16.14
15.82
16.05
16.18
16.24
16.41
16.37
15.94
16.13
17.42
16.15
16.56
16.51
16.75
16.42
16.03
16.54
15.97
16.25
16.89
16.62
15.87
15.9
16.07
16.18
16.2
15.71
16.27
15.93
16.03
16.28
16.19
16.2
15.71
16.94
16.39
16.07
15.59
16.27
15.88
16.8
16.57
16.71
16.85
16.33
16.09
16.22
16.13
15.94
16.34
16.31
16.72
16.31
16.17
16.46
16.58
16.13
16.05
16.35
16.58
15.64
16.35
16.64
16.44
16.63
16.4
15.88
16.02
16.46
16.5
16.16
16.34
16.2
16.25
15.73
16.57
16.63
16.17
16.5
16.07
16.04
16.18
16.36
16.58
16.14
16.27
16.74
16.23
16.55
16.94
17.14
15.97
16.3
16.41
15.77
17.31
16.32
15.72
16.19
17.59
16.45
17.24
16.92
16.07
16.73
16.55
16.32
17.16
16.47
16.56
16.13
16.45
16.2
16.0
16.14
16.33
16.4
16.04
16.85
16.34
16.14
16.46
16.13
16.32
15.92
16.68
16.54
16.04
16.63
15.82
16.66
16.37
16.36
16.38
16.43
16.01
15.7
16.54
18.09
16.91
16.14
16.0
16.06
16.18
16.16
16.04
17.09
15.85
16.14
16.68
16.63
16.82
16.54
16.45
16.36
16.02
16.0
16.36
16.21
16.94
16.68
17.52
16.06
16.7
15.94
16.79
16.33
16.8
15.93
16.15
16.14
16.31
16.07
15.89
16.9
17.03
16.26
15.9
17.46
16.25
16.49
16.28
16.37
16.0
16.41
16.3
16.16
16.62
15.98
16.4
17.91
16.47
16.09
16.53
16.07
16.24
16.71
16.2
15.98
16.01
16.22
16.62
17.35
15.75
16.04
16.46
16.49
16.66
16.98
16.84
16.77
16.4
16.58
16.1
16.71
16.71
15.97
15.87
17.2
16.17
16.13
16.3
15.76
16.07
16.03
16.36
16.66
16.76
16.04
16.04
15.85
16.56
16.98
16.42
16.38
16.64
16.67
16.65
16.31
16.31
16.64
18.04
17.14
16.18
16.44
16.2
15.86
15.95
16.53
16.25
16.04
16.61
16.67
16.47
16.15
16.57
16.0
16.21
16.35
16.68
17.63
16.56
16.7
16.28
16.19
16.86
17.07
16.13
16.32
16.26
15.91
16.77
16.47
16.17
16.89
16.05
16.36
16.57
15.91
16.31
16.13
16.49
16.54
16.49
15.83
16.6
16.3
16.33
16.01
16.37
16.83
16.2
17.19
16.56
16.64
16.32
16.68
16.9
16.41
16.09
16.49
16.49
16.3
16.69
15.99
16.63
17.15
16.59
16.27
16.55
15.66
16.43
16.34
16.48
16.96
16.94
16.29
15.98
16.45
16.06
15.91
16.9
16.11
16.27
16.58
16.71
15.75
16.61
16.04
16.3
16.33
15.95
16.17
16.64
16.31
16.82
16.52
15.97
16.34
16.24
15.6
15.84
16.27
16.56
17.02
16.5
16.11
16.34
16.66
17.3
16.88
16.48
16.21
16.79
16.58
15.82
15.8
16.89
16.27
16.4
16.09
16.23
16.11
16.61
16.45
16.51
15.82
16.31
16.22
16.3
16.13
16.28
16.04
16.3
16.2
16.18
16.03
15.96
16.01
16.61
15.97
16.79
16.43
16.6
16.34
16.0
16.64
16.07
17.11
16.36
16.7
16.23
16.57
16.9
16.62
16.66
16.05
16.34
15.84
16.4
16.78
16.62
16.24
17.13
16.07
15.97
16.49
16.46
16.46
16.18
16.11
16.16
16.57
16.47
16.57
16.07
16.65
15.9
17.09
16.67
16.55
15.93
16.1
16.35
16.17
16.37
16.36
16.6
16.57
15.98
16.56
15.76
16.17
16.58
15.93
16.43
16.5
18.47
17.56
17.55
17.41
17.52
17.34
16.37
16.6
16.07
16.08
16.01
16.42
16.95
16.02
16.46
16.45
16.08
16.25
16.2
16.22
16.32
16.2
15.61
16.1
17.08
16.13
16.18
17.13
16.22
16.61
16.97
17.89
16.59
16.52
16.68
16.55
16.7
16.57
16.46
15.96
16.42
16.67
16.09
16.1
16.32
16.5
16.08
16.32
17.01
15.94
16.67
16.19
16.92
16.38
16.42
16.22
16.39
16.24
16.36
16.19
16.42
17.95
16.3
16.39
15.97
15.61
18.14
16.68
16.08
17.47
16.1
16.28
16.43
17.2
16.99
16.64
16.4
16.73
15.93
16.42
16.66
16.68
16.43
16.25
16.97
16.35
17.05
17.08
16.64
16.62
16.27
15.91
16.57
18.27
18.11
17.23
16.76
17.01
16.3
17.04
17.36
16.18
17.06
16.49
16.84
16.1
17.65
16.99
18.14
16.26
17.17
17.56
16.45
18.44
16.29
15.47
16.62
16.61
16.67
16.46
15.91
16.3
16.3
16.35
16.96
16.79
16.28
16.02
16.65
16.82
16.97
16.88
17.0
16.52
16.44
16.58
16.31
16.1
16.63
16.81
16.24
16.57
16.93
16.9
16.17
16.34
16.08
16.46
16.18
16.7
16.49
17.5
17.16
16.18
17.22
16.85
16.9
16.41
16.1
16.06
16.99
16.15
16.72
16.35
16.53
16.28
16.69
16.11
16.15
16.21
16.25
16.97
16.77
17.13
16.64
16.18
16.34
16.52
16.23
16.49
16.16
15.89
16.94
16.03
16.77
16.54
16.32
17.0
16.85
16.54
16.66
16.23
17.72
16.66
16.87
16.54
16.38
15.78
16.92
16.35
15.93
17.17
16.31
16.36
15.99
16.26
16.33
17.23
17.06
16.86
16.66
16.73
16.24
16.43
16.42
16.36
16.23
15.98
16.59
16.39
16.67
16.22
17.06
18.68
16.35
16.68
16.62
16.41
16.1
16.05
16.65
16.01
16.33
16.79
16.2
16.31
16.71
16.28
16.64
16.26
17.04
16.16
16.37
16.66
16.5
17.08
16.65
16.02
16.26
16.06
16.21
16.18
16.52
16.25
16.78
16.53
15.95
16.49
16.6
16.15
16.55
16.14
16.23
16.95
16.73
16.33
16.18
16.59
16.0
16.51
17.36
16.05
17.3
16.31
15.96
16.62
17.12
15.74
17.05
16.37
16.22
16.39
18.2
16.72
16.74
16.25
17.16
16.14
16.66
16.39
16.6
16.5
16.74
16.66
17.18
16.59
16.77
16.13
16.8
16.38
16.45
16.82
16.17
16.22
16.59
16.52
16.09
16.7
16.86
16.29
17.12
16.4
16.43
17.3
16.58
16.36
16.63
16.56
16.56
16.48
16.21
16.29
17.09
16.77
16.32
16.58
16.35
16.6
16.55
17.0
16.14
16.58
16.49
16.88
16.37
16.99
16.89
16.56
16.31
16.34
16.13
17.37
16.73
16.32
16.77
16.54
15.99
16.67
16.97
16.51
16.36
16.65
16.52
16.63
16.51
16.48
16.47
16.92
16.97
16.5
17.03
17.33
16.61
17.71
16.5
16.46
17.02
16.83
16.54
16.89
16.61
16.68
16.5
17.67
16.43
16.45
17.14
16.77
16.28
16.29
16.28
16.09
16.43
16.49
16.94
17.3
16.62
16.44
16.32
16.76
16.86
17.04
16.87
16.49
16.51
16.05
16.8
16.25
16.19
18.81
16.23
16.75
16.04
17.05
16.16
16.97
16.15
16.06
17.03
16.29
16.37
16.78
16.79
15.94
17.04
16.49
16.7
16.36
17.04
16.57
16.33
16.4
16.65
16.71
16.39
16.61
16.9
16.2
16.57
16.75
16.49
16.41
16.65
15.98
15.96
16.64
16.47
16.4
16.25
16.6
17.23
16.86
16.55
15.82
16.51
16.11
16.22
16.65
16.18
16.44
16.21
16.26
16.25
17.04
16.44
16.55
16.62
16.78
16.22
16.44
16.33
16.79
16.15
16.65
16.48
16.71
16.63
16.49
15.97
16.41
16.4
16.45
16.33
15.91
15.8
16.0
16.33
16.72
16.8
17.09
17.18
16.4
16.23
16.74
16.37
16.63
16.04
16.77
16.3
16.47
16.48
16.52
16.02
16.87
16.47
16.98
16.8
16.71
16.04
16.73
17.41
16.22
16.12
16.86
16.45
17.07
16.87
16.45
16.32
16.52
16.31
16.51
16.43
16.85
16.38
16.59
16.32
16.59
16.45
16.67
16.34
16.09
16.54
16.42
16.33
16.8
16.88
16.63
16.27
16.61
16.87
16.38
16.99
16.37
16.34
16.39
16.45
16.17
16.65
16.36
16.64
16.63
16.53
16.42
15.98
16.45
16.69
16.11
16.5
16.18
16.39
16.27
16.5
16.29
16.55
16.63
16.34
16.29
16.35
16.17
16.43
15.91
16.65
16.31
16.08
16.33
16.61
16.78
16.39
16.7
16.52
16.31
16.07
16.64
16.94
16.64
16.55
16.05
17.04
16.97
16.48
16.38
16.53
16.81
16.1
16.86
15.63
16.22
16.2
16.3
16.6
16.53
16.06
16.3
16.26
16.15
17.13
16.65
16.37
16.32
16.5
16.29
16.31
16.34
16.5
16.14
16.34
16.18
16.09
16.34
16.54
16.74
16.35
16.29
16.11
16.12
16.77
16.89
16.69
17.1
16.64
16.14
16.39
16.11
17.62
17.23
16.69
16.47
16.26
16.29
16.5
16.2
16.85
16.28
17.01
16.2
16.22
16.0
16.15
16.73
16.29
16.1
17.03
16.37
16.23
16.66
16.4
16.7
17.45
16.7
16.18
16.64
16.52
16.49
17.24
16.43
16.34
16.33
16.14
16.11
16.15
16.47
16.86
17.01
16.03
16.44
16.54
16.51
16.35
16.19
16.67
16.6
15.88
16.51
16.73
16.55
16.48
16.71
16.23
16.44
16.81
16.37
16.67
16.61
16.58
16.76
16.52
17.6
16.08
16.31
16.14
17.43
16.51
16.34
16.56
16.42
16.12
16.81
16.26
16.7
16.24
16.53
16.32
16.47
17.03
16.01
16.45
16.99
16.51
15.99
15.94
17.77
16.14
16.38
16.7
15.83
16.66
16.21
16.31
16.41
16.94
15.72
16.38
16.28
16.88
17.12
17.07
17.78
16.55
17.53
16.59
16.32
16.54
16.38
16.52
16.85
16.22
17.04
16.39
16.73
16.94
16.29
16.03
16.0
16.44
17.14
16.0
16.23
16.21
16.52
15.95
16.4
17.38
16.84
17.11
16.34
16.3
17.18
16.24
16.96
17.09
16.39
16.26
16.13
16.43
16.49
16.72
16.21
15.99
16.38
16.74
17.23
16.38
16.44
16.4
16.29
16.64
16.56
16.37
17.65
15.76
16.54
16.42
17.17
16.38
16.38
16.71
16.06
16.11
16.97
15.75
16.42
16.3
16.46
16.12
16.62
15.89
16.42
16.46
16.2
16.39
16.43
16.02
16.04
16.77
16.51
16.61
15.8
16.89
16.54
16.55
16.62
16.52
16.65
16.45
16.19
16.27
17.08
16.44
15.93
16.24
16.38
16.12
16.5
16.26
16.1
16.23
16.49
16.55
16.22
16.58
17.0
16.72
16.36
16.23
16.63
16.09
16.42
16.66
16.15
16.76
16.73
16.06
15.84
16.62
16.38
15.79
16.06
16.22
17.19
16.59
16.19
16.49
16.84
16.91
15.97
16.32
16.46
16.24
16.46
16.13
16.57
17.01
16.87
16.02
16.78
15.96
16.6
18.23
16.42
17.18
18.84
16.61
16.72
16.21
17.53
17.88
16.56
16.69
16.3
17.54
16.5
16.22
16.39
16.97
16.79
16.71
18.26
16.14
17.1
16.38
16.83
16.78
16.55
16.66
18.41
16.42
18.3
18.04
16.44
16.64
18.26
16.19
16.62
16.94
17.19
16.94
16.4
17.27
16.51
16.29
16.68
16.58
17.03
17.18
16.3
16.44
16.77
16.39
16.29
16.1
16.32
16.15
15.72
16.3
16.5
16.67
16.52
16.45
16.84
16.64
16.76
16.34
16.94
16.32
16.29
16.47
16.31
15.99
17.57
17.62
17.17
16.36
16.3
16.1
15.78
16.53
16.66
16.83
16.67
16.64
17.3
16.61
16.27
16.47
17.02
16.18
16.53
16.14
16.73
16.61
17.1
15.97
16.46
16.74
16.63
16.28
16.65
16.03
16.27
16.35
16.05
16.45
16.35
16.27
16.23
16.58
16.74
16.78
16.61
16.44
16.95
17.85
16.0
15.84
16.18
16.39
18.2
16.31
16.53
16.46
17.0
16.93
15.95
16.57
16.34
17.27
17.28
16.38
16.24
16.3
17.02
16.66
16.14
16.32
16.25
17.64
15.81
16.35
16.49
16.24
16.67
16.62
15.98
16.42
16.79
16.35
15.92
17.21
16.63
16.34
16.45
16.34
16.93
17.18
16.64
16.47
16.15
16.31
16.52
16.41
16.09
15.99
16.85
17.34
16.48
17.63
16.62
16.43
16.21
16.91
16.73
16.39
16.65
16.5
16.93
16.3
16.48
16.86
16.69
16.83
16.46
16.79
16.48
16.2
16.94
16.42
16.51
15.91
16.68
17.25
18.74
18.37
16.45
19.79
16.39
16.69
16.77
17.39
17.33
15.95
16.38
16.86
16.67
16.8
16.95
16.89
17.19
16.76
16.63
17.64
17.59
16.83
17.39
16.41
17.69
16.93
17.15
16.69
16.49
18.45
18.52
16.63
17.35
17.48
18.89
20.04
19.64
17.04
18.35
17.65
19.05
18.84
17.25
17.15
16.7
17.08
16.71
17.92
17.17
19.36
16.72
18.45
17.47
17.83
16.91
16.74
17.34
16.27
17.29
17.26
17.55
17.42
18.07
18.68
16.02
16.25
16.17
16.45
16.7
16.39
16.59
16.37
16.11
16.01
16.18
16.16
16.51
16.28
17.0
16.27
16.06
16.69
16.46
16.63
16.06
16.88
16.04
16.06
16.1
16.18
16.37
16.34
16.13
16.64
16.39
16.13
16.12
16.99
16.37
16.58
16.88
16.47
16.48
16.54
16.7
16.58
16.57
16.57
16.07
16.7
16.25
17.19
17.02
16.65
16.74
17.61
17.24
16.68
17.24
16.34
18.38
18.45
16.33
17.27
17.23
17.87
17.91
16.31
16.55
18.41
17.77
17.35
17.14
17.3
16.86
17.86
16.94
17.54
18.09
17.71
16.79
16.36
17.75
18.21
17.55
17.23
16.86
16.4
16.94
17.38
17.22
17.6
17.38
17.23
18.12
16.62
16.42
16.35
16.27
16.85
16.04
16.42
16.46
15.97
16.84
16.11
16.26
16.45
16.16
15.88
16.4
15.75
16.99
17.36
16.38
15.73
16.81
16.75
16.33
16.8
16.66
16.55
16.11
16.73
16.25
16.56
16.54
16.55
16.19
16.31
17.58
16.39
16.5
16.41
16.15
16.3
16.14
16.68
16.43
16.56
16.27
16.69
16.33
16.51
17.96
16.57
15.85
18.01
16.51
16.18
16.1
16.63
16.54
16.0
16.11
17.17
16.63
16.35
16.82
16.85
17.14
16.36
16.37
16.45
15.83
16.41
16.37
16.42
16.63
16.64
16.23
16.28
17.08
15.93
16.28
16.2
16.11
16.01
16.32
16.29
16.31
16.66
16.42
16.66
15.89
16.3
15.92
16.29
15.99
16.44
16.46
15.88
16.36
16.47
16.88
16.49
16.97
16.97
17.34
16.66
16.66
16.71
16.41
16.62
16.13
16.25
16.52
16.34
15.79
16.16
16.41
16.34
16.15
16.55
15.89
18.64
16.14
16.39
16.85
16.35
16.83
16.07
16.55
16.7
16.43
16.74
16.37
16.63
16.39
16.74
16.49
17.17
16.32
16.55
16.12
16.27
16.16
16.44
16.26
16.71
17.0
15.84
16.34
16.16
16.14
17.07
16.31
16.34
16.15
16.07
16.6
16.31
16.85
16.59
16.59
16.75
16.57
15.83
15.93
15.81
16.36
16.52
16.23
16.39
16.24
16.06
16.23
16.73
15.86
16.04
17.83
16.02
16.37
16.62
16.03
17.1
15.97
16.66
16.08
17.07
16.68
16.6
17.74
16.55
16.47
16.41
16.23
17.0
16.46
16.47
16.07
16.71
16.03
16.85
16.57
16.43
16.6
16.38
16.42
16.37
17.18
16.18
16.1
16.4
16.99
16.38
16.42
15.81
16.95
16.51
16.3
17.47
17.02
16.5
16.43
17.33
16.59
16.34
16.35
16.67
16.52
16.47
17.17
16.25
16.41
16.71
16.49
16.84
17.9
15.79
16.57
18.68
16.17
16.22
16.97
16.7
16.28
16.98
16.54
16.65
16.23
16.19
17.78
16.22
16.78
17.28
15.99
16.69
16.04
16.66
16.79
16.34
16.32
15.94
16.58
18.25
16.35
16.72
16.5
16.51
16.36
16.61
16.12
16.45
16.45
16.49
15.99
15.99
15.97
16.43
16.44
16.2
16.39
16.68
16.28
16.6
16.36
16.48
16.51
16.44
17.04
17.24
16.12
16.18
16.63
16.35
16.23
16.01
16.08
16.09
17.41
16.55
16.5
16.97
16.57
16.82
16.05
16.32
16.94
16.52
16.57
16.15
16.41
16.35
16.61
16.17
16.51
16.32
16.4
16.26
17.02
16.46
16.58
16.37
15.95
16.68
16.53
16.86
16.36
16.17
17.04
17.0
16.51
16.46
16.42
16.05
16.61
16.27
15.9
16.31
16.23
16.23
16.66
16.42
16.4
16.84
16.75
16.48
16.15
17.22
16.41
15.76
16.99
16.49
16.15
16.18
16.03
16.48
16.36
16.89
16.81
17.03
16.2
16.19
16.74
17.15
16.6
15.65
16.23
16.2
17.75
16.6
17.3
16.56
17.2
17.33
16.94
15.71
16.19
16.34
16.94
16.68
16.04
16.41
16.09
16.57
16.41
16.1
15.91
16.54
16.28
16.81
16.5
16.58
16.04
16.8
16.7
17.46
16.03
15.97
17.08
16.07
15.73
17.08
16.25
16.2
15.97
16.01
16.25
16.55
16.47
16.52
16.73
16.08
16.16
16.6
16.09
15.94
16.39
15.9
15.88
16.35
16.42
16.93
16.92
16.41
16.66
16.07
15.92
15.91
16.37
16.14
16.06
16.89
16.55
16.53
16.06
17.02
17.61
16.42
16.6
18.3
16.75
17.35
17.34
17.21
17.33
18.18
17.28
16.62
16.92
17.22
16.79
16.88
16.93
16.36
16.69
16.85
16.86
16.78
17.31
17.4
17.5
18.47
18.08
17.81
16.58
16.67
16.7
16.29
16.14
16.9
16.64
16.18
16.3
16.15
16.44
16.03
15.96
16.54
16.11
16.09
16.36
18.24
16.69
15.98
16.47
16.16
16.3
16.04
16.11
16.43
16.45
16.41
16.28
16.96
19.27
16.67
16.56
16.44
16.25
16.48
17.25
16.04
17.12
15.97
16.95
16.17
16.51
15.92
16.44
16.29
16.65
16.63
15.84
16.56
16.86
16.36
16.75
16.68
16.7
16.36
16.69
16.84
16.71
17.16
16.12
15.79
16.27
16.4
16.38
16.24
16.61
16.59
16.45
16.04
16.19
16.22
16.14
16.13
15.98
15.8
17.26
15.97
16.44
16.61
16.28
16.85
16.41
16.2
16.38
17.24
16.06
16.22
16.18
16.09
16.58
16.67
16.18
16.34
16.67
16.1
16.66
16.25
16.22
16.77
16.36
16.96
16.17
16.28
16.36
16.47
16.16
16.98
16.4
16.58
15.92
16.1
16.42
16.76
16.95
16.1
16.94
16.06
17.2
18.17
16.87
16.87
17.45
16.99
17.59
16.34
17.67
16.99
17.07
17.57
17.02
17.12
17.16
18.77
17.26
17.0
18.71
16.88
17.87
17.48
17.02
18.48
17.17
19.45
16.32
17.4
19.46
17.05
17.63
19.99
17.56
18.7
17.94
17.15
18.36
16.57
18.43
18.09
17.06
18.74
18.83
17.61
17.76
20.96
18.43
17.48
18.73
16.99
17.07
16.65
16.16
17.33
17.06
18.14
17.62
17.32
17.05
17.03
16.32
17.5
17.14
16.75
17.05
16.87
16.49
16.5
16.62
16.67
16.88
17.56
17.08
17.33
16.93
18.14
16.85
16.26
17.22
16.03
16.44
15.89
17.61
16.12
16.95
15.93
16.61
16.04
16.63
16.56
16.58
16.93
16.75
16.84
17.1
17.3
16.46
17.01
16.73
17.46
17.43
17.14
17.44
16.5
18.18
17.53
16.73
16.65
16.98
17.15
16.87
16.92
18.14
17.46
19.06
17.15
17.37
17.26
17.6
17.01
15.95
16.37
16.22
16.05
15.73
16.65
17.05
16.48
16.42
16.53
16.4
16.47
16.72
15.97
16.81
17.09
16.86
16.82
16.57
16.58
16.29
16.63
15.63
16.59
16.43
16.45
16.39
16.55
16.31
16.81
15.65
15.76
16.48
16.32
16.72
16.33
16.2
15.98
17.13
16.21
16.06
16.83
16.2
16.49
17.47
16.04
16.12
15.82
16.09
16.18
16.87
16.96
16.08
16.39
15.6
16.09
16.55
17.01
16.04
16.47
17.02
16.51
16.07
16.29
16.31
16.72
16.9
16.23
16.55
16.23
16.39
16.11
16.77
16.71
18.44
16.48
16.16
17.93
16.17
16.98
16.08
16.75
16.02
16.29
15.84
16.2
16.45
16.69
18.81
16.39
16.73
16.48
16.52
15.99
16.65
16.72
17.27
16.25
16.38
16.51
16.77
16.44
16.31
16.47
16.14
16.15
15.73
16.89
17.17
16.11
16.02
16.23
16.27
16.35
17.02
15.84
16.48
16.5
16.18
16.59
16.22
16.63
16.37
16.75
16.48
16.48
16.38
16.42
16.56
16.03
16.53
16.67
16.47
17.49
16.48
16.83
16.4
16.3
16.33
16.87
16.0
17.74
16.39
16.14
16.33
21.02
22.22
21.43
20.06
20.31
20.27
18.06
16.64
19.53
19.85
18.95
19.13
19.72
20.54
19.75
19.03
18.86
18.71
19.9
19.84
20.29
18.28
18.43
18.43
19.7
18.65
18.91
18.72
20.65
19.53
19.53
19.45
18.97
20.18
17.56
19.58
19.89
18.44
19.33
18.88
18.18
18.41
18.49
19.02
18.8
19.01
18.65
19.05
19.11
18.42
19.07
18.81
18.93
17.74
18.94
18.33
19.23
18.29
19.09
16.73
19.65
20.02
18.57
17.91
18.6
18.31
18.48
19.52
19.0
17.5
18.17
18.92
18.97
18.38
19.07
19.72
19.89
18.27
17.96
17.5
18.57
19.84
19.77
20.29
20.82
19.84
20.46
18.69
18.46
19.82
19.33
17.7
17.55
20.68
17.72
17.94
21.16
18.46
22.74
20.31
20.29
21.43
20.41
19.43
21.82
22.84
20.35
18.62
19.96
19.71
20.28
19.58
19.33
19.26
20.06
19.18
21.94
19.59
18.33
19.26
21.59
18.98
19.78
20.82
21.77
19.59
19.38
21.07
20.69
23.31
21.69
19.14
19.08
22.14
19.6
19.57
19.2
21.63
20.4
23.26
20.25
21.36
19.81
19.95
19.02
20.31
19.19
19.62
19.65
21.75
22.65
19.37
19.69
19.11
19.96
20.17
20.36
19.2
18.71
19.29
19.5
21.01
19.23
19.16
18.11
19.58
18.39
19.03
19.43
22.51
22.17
19.48
19.56
18.15
18.39
19.15
19.18
19.5
18.23
19.29
20.53
19.72
17.97
18.9
16.84
19.7
19.55
21.86
18.96
19.58
19.27
19.91
18.9
19.67
20.32
19.09
18.31
18.21
18.65
17.52
19.2
17.4
19.58
19.15
19.57
18.1
18.11
18.8
19.33
18.61
19.34
18.24
18.67
18.31
20.56
18.32
19.2
20.1
17.81
22.16
21.49
18.69
20.9
18.92
18.09
20.16
18.73
17.58
20.92
18.56
19.42
18.98
19.7
20.96
21.0
20.52
18.88
19.44
18.99
19.27
18.94
18.05
16.96
19.49
20.51
19.8
18.52
21.27
19.06
19.57
19.12
19.07
19.91
21.0
21.12
18.96
18.78
19.44
20.65
19.84
19.83
18.09
19.52
19.6
19.59
20.35
22.03
19.69
20.86
21.88
19.37
20.01
20.06
20.25
20.67
20.42
22.07
20.03
20.72
18.8
19.08
20.15
18.3
18.72
20.39
19.46
19.38
21.14
18.85
18.04
19.3
22.15
21.57
19.84
20.28
21.0
18.98
20.34
21.25
22.57
20.16
21.34
19.61
20.23
19.79
20.3
19.26
22.24
19.53
19.66
20.78
22.2
18.83
22.24
19.36
20.54
20.22
19.29
20.73
20.19
22.0
18.07
20.69
20.5
19.49
18.91
19.39
19.77
21.74
18.69
18.96
20.33
20.57
20.87
19.8
20.55
20.22
20.03
22.19
19.87
20.88
19.28
20.68
19.15
18.96
19.42
19.33
19.19
19.05
19.29
22.77
22.63
18.82
19.88
19.93
19.56
19.72
19.58
19.79
19.76
18.68
19.01
19.38
20.43
20.08
19.82
19.36
19.75
18.82
18.78
19.71
19.09
21.66
19.1
19.52
19.38
19.18
22.57
19.57
21.75
19.62
20.45
19.81
19.31
19.92
20.3
19.24
20.24
21.65
20.83
20.39
22.9
21.02
20.7
21.01
21.57
19.79
19.84
22.14
21.11
20.33
20.2
20.7
21.58
22.17
20.49
21.66
20.83
20.51
22.38
20.44
21.96
21.61
20.29
21.11
21.42
19.44
19.61
20.85
22.11
21.47
19.24
20.01
19.56
22.31
22.2
23.1
18.41
18.76
18.68
18.94
18.33
19.38
18.85
18.73
18.64
19.83
20.03
18.77
19.21
18.13
18.96
19.18
17.95
20.75
18.22
19.09
17.91
18.02
17.46
18.3
19.96
19.09
19.85
21.42
20.13
20.6
18.58
22.51
20.11
20.99
22.62
22.61
21.77
22.7
23.41
22.78
19.06
22.26
21.44
20.59
20.68
20.36
20.72
20.65
19.59
18.93
19.37
23.59
19.55
20.98
19.47
18.63
18.75
20.05
20.31
19.05
19.29
20.03
20.86
20.13
22.51
19.83
19.54
19.52
19.11
20.95
19.54
20.96
22.98
22.06
20.87
20.37
18.66
19.1
20.44
21.76
20.27
20.04
23.78
19.01
18.81
22.29
19.9
19.46
19.94
18.65
19.35
20.57
19.22
18.53
18.87
18.47
18.97
20.71
19.68
20.39
19.81
19.97
21.4
19.01
19.44
22.13
20.19
19.47
20.89
20.36
19.58
22.14
22.38
21.68
21.74
22.92
20.74
20.71
22.95
23.56
20.27
22.51
19.56
18.35
17.59
19.93
21.51
19.37
21.15
19.7
20.36
19.2
20.48
21.97
21.25
20.28
21.55
22.39
21.06
20.78
19.91
20.45
21.48
19.33
21.36
21.53
21.29
20.45
21.45
20.27
21.14
21.84
21.37
21.98
23.98
23.07
22.03
22.96
24.43
23.71
24.24
21.44
19.81
22.27
23.03
19.65
19.55
21.61
22.06
20.61
20.36
22.01
20.56
19.41
19.8
21.98
23.62
23.78
22.19
23.37
22.12
22.8
20.27
18.98
20.95
21.22
19.6
20.03
20.12
18.84
17.55
19.22
20.74
17.91
16.92
17.9
17.58
20.46
19.39
18.16
19.01
17.88
17.74
17.37
19.15
19.27
19.97
18.76
18.89
19.28
20.53
21.77
21.11
22.63
20.64
22.31
19.67
21.38
22.38
20.95
20.75
23.93
22.4
20.16
21.35
22.3
21.57
20.2
20.87
18.94
20.28
20.52
21.34
20.95
22.49
20.0
19.21
21.62
21.37
22.49
19.23
21.35
19.41
20.69
19.86
20.24
20.21
19.35
20.65
21.42
24.24
21.23
21.35
23.27
20.91
21.33
20.8
19.05
19.88
21.16
19.28
19.43
21.49
20.7
21.09
18.05
20.81
20.97
21.5
20.97
21.23
20.77
20.26
21.85
20.57
19.93
22.56
19.58
19.68
19.58
19.13
19.67
20.45
23.03
21.58
21.41
21.46
18.56
20.49
20.65
21.96
20.45
19.4
22.51
22.18
20.37
20.8
20.45
19.37
21.39
20.4
21.68
21.37
19.4
21.06
21.29
20.99
20.94
21.04
20.02
18.41
19.09
20.89
22.15
19.5
21.4
18.17
17.97
18.9
19.63
21.36
22.44
22.06
21.6
21.39
23.04
21.6
22.06
21.49
20.16
20.4
18.86
18.12
20.66
17.22
19.97
19.53
17.44
18.78
21.33
19.8
20.85
21.24
21.19
20.44
19.3
21.1
21.72
19.69
18.83
21.11
22.55
20.84
23.78
20.42
17.93
19.1
21.01
19.28
20.78
19.46
19.42
18.0
19.63
20.18
19.57
20.5
19.62
19.79
18.76
23.63
20.33
19.93
21.21
19.87
21.48
21.6
20.31
20.28
21.62
21.55
21.17
20.46
21.88
22.25
21.15
21.49
20.8
19.89
21.1
20.62
23.42
22.21
21.38
20.99
22.75
22.19
20.18
21.2
21.68
21.24
21.38
22.63
20.9
21.81
22.43
22.01
21.71
20.61
21.49
22.08
22.08
18.84
22.22
22.01
21.72
21.76
21.01
21.5
21.64
22.88
22.01
22.9
21.71
22.88
24.43
22.21
21.84
20.47
21.57
24.59
22.5
18.43
23.19
23.3
21.17
21.06
24.43
22.35
22.08
21.82
22.69
22.0
22.03
23.56
24.09
23.03
24.02
21.54
22.25
21.99
20.59
22.38
22.19
19.31
22.42
22.93
22.94
22.41
21.03
22.54
21.46
21.0
22.08
23.76
22.07
21.11
21.04
20.98
21.73
21.77
21.9
21.5
20.33
22.39
20.09
22.93
23.11
21.94
22.04
21.41
21.87
21.62
21.13
21.35
21.94
20.65
21.25
19.42
19.9
21.08
21.22
21.3
20.26
21.87
21.16
21.76
21.84
22.7
21.98
21.27
20.35
22.11
21.23
23.38
19.74
21.06
20.95
20.98
20.92
21.43
22.8
21.83
22.61
21.63
21.15
20.88
21.78
22.33
20.96
20.6
22.0
19.64
19.84
18.47
21.13
19.71
20.42
20.68
20.72
21.11
22.87
21.11
21.41
20.77
20.73
21.43
22.14
20.51
20.89
21.53
20.49
21.3
21.05
22.2
21.25
21.31
22.62
21.33
22.64
21.91
20.6
21.77
22.25
22.0
21.2
23.34
21.57
24.19
20.08
21.49
21.68
21.81
21.55
21.49
21.72
21.06
20.91
21.55
21.18
21.07
22.53
20.91
17.55
16.5
17.46
16.28
17.36
16.3
17.49
16.19
16.42
17.46
17.54
19.33
18.91
18.35
17.17
16.59
16.55
16.51
16.61
16.54
16.24
16.67
16.5
16.51
17.53
17.96
16.29
16.47
16.44
16.1
16.31
16.05
16.96
16.33
17.09
16.96
16.56
16.79
16.95
16.43
17.26
16.92
15.82
15.94
16.39
16.39
16.19
16.81
16.75
16.69
16.68
16.35
16.79
16.19
16.56
16.58
16.47
17.08
16.69
17.15
16.15
16.11
16.36
16.28
17.35
16.43
16.37
16.83
17.16
17.41
16.9
16.85
17.15
16.54
16.36
17.02
16.38
16.81
17.54
16.56
17.37
16.96
18.78
17.03
18.13
16.57
18.41
17.33
18.43
19.13
16.99
18.11
17.72
17.62
16.8
19.71
18.52
18.71
18.52
18.35
17.1
17.43
17.39
18.34
17.17
17.78
17.09
16.74
16.59
16.96
17.05
18.03
16.66
16.69
17.63
18.18
17.39
18.32
16.97
16.83
18.62
17.65
17.31
19.28
18.4
18.74
17.14
17.32
17.46
17.29
18.37
18.61
17.07
17.63
17.39
17.91
18.19
16.58
17.35
16.82
16.64
16.48
16.88
17.3
17.13
18.49
17.28
17.51
17.45
17.43
16.69
18.24
16.96
16.77
17.06
18.99
16.18
17.15
17.44
16.74
17.29
17.19
17.1
17.16
17.71
16.45
17.92
17.0
17.29
16.37
17.1
17.48
16.77
17.57
17.3
16.86
17.5
16.61
17.44
18.49
17.85
17.29
17.37
16.54
16.6
16.63
17.1
17.0
17.36
17.08
17.18
17.72
16.47
18.58
18.0
19.01
18.22
17.17
16.99
16.65
17.77
17.57
17.13
18.28
16.76
17.62
18.6
17.3
18.25
18.31
17.66
17.6
17.53
17.01
17.29
16.73
18.93
19.1
16.62
16.7
16.77
17.16
17.21
16.55
17.58
18.62
17.59
17.06
16.57
17.6
17.66
17.41
16.74
17.15
17.37
17.39
17.58
17.74
17.16
17.44
17.73
16.78
17.71
16.79
17.96
18.13
17.44
18.15
17.76
17.57
18.49
18.18
21.21
17.11
18.74
18.8
17.41
17.42
17.29
18.05
16.53
16.6
17.65
16.84
16.51
17.31
17.03
17.03
17.39
17.87
17.24
17.95
16.33
16.41
17.27
16.65
16.98
17.13
17.9
16.03
16.91
18.76
17.26
17.08
18.35
16.84
17.86
17.79
17.36
16.95
17.29
17.02
17.11
16.99
17.41
17.37
17.65
17.44
17.26
17.85
17.37
17.91
17.5
17.93
17.57
17.35
18.23
17.34
17.27
16.74
17.4
18.07
18.72
16.99
17.45
17.97
17.48
17.12
17.32
17.54
17.03
17.5
16.28
17.37
16.44
17.82
16.41
16.62
17.01
16.39
17.26
16.82
17.06
17.17
16.84
16.7
17.75
16.58
17.03
17.27
17.17
17.66
16.95
16.47
17.2
16.71
17.63
17.4
16.99
18.3
16.22
18.24
18.78
16.7
17.51
16.58
17.14
17.58
16.28
16.96
16.5
17.84
18.13
16.4
16.35
16.23
17.52
16.32
17.46
17.3
16.42
16.95
17.11
17.01
16.91
16.86
17.32
17.06
16.96
17.49
16.8
17.05
17.3
17.3
17.69
17.09
17.03
17.07
16.79
17.61
16.49
17.48
17.5
18.06
17.07
17.25
17.47
17.28
17.55
17.73
17.98
16.76
17.68
18.01
16.58
17.4
17.66
17.84
17.14
17.17
17.02
17.25
17.65
17.33
17.57
18.01
17.04
17.19
16.16
17.38
18.28
16.83
17.22
16.67
17.38
17.77
17.45
17.23
17.54
16.69
17.08
16.75
17.11
17.33
17.11
17.59
18.6
17.11
17.41
18.52
17.41
17.8
17.38
16.13
17.47
16.39
17.22
17.52
17.19
18.27
19.24
17.21
17.83
18.01
18.09
17.93
16.42
17.2
18.02
19.08
16.58
17.31
16.58
17.78
17.52
17.35
17.61
16.46
17.65
17.58
16.17
16.62
17.78
16.42
18.12
18.48
16.76
17.16
17.65
16.55
17.84
17.72
18.71
17.18
19.09
18.89
18.9
18.6
17.42
17.47
18.59
17.73
19.67
18.67
17.49
17.6
17.5
16.51
17.16
19.05
17.7
17.49
19.89
17.41
17.63
18.39
16.8
18.02
18.76
19.27
19.31
17.79
18.48
17.61
18.0
18.96
17.78
17.96
17.74
17.0
17.9
17.14
18.13
18.42
17.4
18.83
17.38
19.43
17.75
17.03
17.86
16.96
17.46
18.75
19.27
16.44
17.78
17.1
16.86
16.36
16.74
19.2
17.98
17.46
16.47
18.64
18.61
17.48
17.27
18.78
18.35
17.36
17.25
18.31
18.14
17.24
18.71
18.43
19.03
16.61
16.89
17.99
18.03
18.78
17.62
18.01
19.2
17.87
16.81
17.08
16.57
16.62
17.46
16.98
17.35
16.25
17.21
16.25
16.86
16.54
17.46
16.8
16.77
17.11
17.16
17.06
17.23
16.88
16.9
17.28
17.46
16.86
16.59
16.81
17.62
19.22
16.7
16.55
16.52
16.39
18.52
17.87
16.71
17.18
16.78
18.73
17.05
16.79
16.86
17.24
17.82
17.25
17.45
16.86
16.96
17.57
17.14
17.75
16.76
18.4
17.28
18.34
16.97
16.98
16.89
17.09
16.82
17.74
17.34
16.88
17.38
17.24
16.78
17.43
16.71
19.22
17.42
17.68
17.35
16.25
17.82
17.46
17.82
18.29
17.32
17.19
16.84
17.33
17.22
18.03
17.17
17.45
16.57
16.92
16.9
18.14
17.12
18.65
17.89
19.3
18.46
17.17
17.28
16.95
17.96
16.82
18.14
17.07
19.12
16.1
18.85
18.86
16.44
16.73
17.22
18.45
17.18
17.6
18.12
17.21
16.94
17.03
16.52
16.09
17.53
16.52
17.02
17.14
17.5
16.46
16.46
17.85
16.64
16.59
16.78
16.5
17.05
16.61
17.6
16.21
16.96
16.43
17.09
16.5
16.09
16.91
16.42
16.7
16.72
16.51
16.62
15.73
16.18
16.56
16.5
16.95
16.56
16.4
16.74
16.51
16.51
16.54
16.64
16.63
16.39
16.4
16.48
16.11
16.16
17.48
16.74
16.46
16.39
16.15
16.27
16.8
16.27
15.91
16.76
16.31
17.2
16.76
16.28
16.45
16.73
16.35
15.75
16.45
17.02
16.51
16.1
16.9
16.83
16.29
16.59
16.16
16.41
16.13
16.46
16.55
16.06
16.12
16.39
16.14
16.53
16.49
16.82
16.51
16.46
16.29
15.78
16.74
16.21
16.44
15.91
17.1
16.27
16.5
15.86
16.58
16.43
16.57
16.75
16.38
16.62
17.35
16.86
16.49
16.52
16.56
17.02
16.64
16.73
17.31
16.59
16.76
16.41
16.6
16.37
16.53
16.7
16.44
16.22
16.43
16.6
16.45
15.79
17.01
16.21
16.37
15.93
16.99
16.9
16.23
16.65
15.53
16.61
16.98
16.28
17.24
16.54
17.1
16.19
16.52
16.42
17.3
16.72
16.91
16.52
17.74
18.16
16.76
16.62
16.46
17.05
16.98
16.82
17.76
17.43
17.32
16.3
16.73
16.27
16.25
16.27
16.7
17.17
16.63
16.32
16.75
17.0
16.39
18.71
16.91
16.02
16.05
16.13
16.26
16.79
16.22
16.92
16.56
16.58
16.48
16.63
16.53
16.45
16.29
16.58
18.84
16.63
16.31
16.86
16.31
17.47
16.45
17.48
15.96
16.72
17.01
16.49
16.85
15.69
16.65
17.68
16.88
17.5
17.72
16.72
16.35
17.24
16.75
16.18
16.01
16.62
16.45
16.19
16.66
15.82
16.59
16.13
16.76
16.28
16.38
16.19
16.98
17.33
16.54
17.14
16.51
16.64
16.22
15.87
17.09
16.93
17.54
16.51
16.64
16.31
16.23
17.57
17.6
16.05
17.06
16.57
16.46
16.27
16.64
16.55
16.39
16.27
17.6
15.94
16.85
16.62
16.77
16.51
16.29
16.32
16.16
16.7
17.19
16.43
17.01
16.0
16.2
16.7
16.74
16.31
16.29
16.93
15.85
16.71
16.16
15.72
16.63
16.63
16.49
17.02
16.35
16.82
16.12
17.69
16.6
15.86
17.58
16.46
16.15
16.95
16.46
16.99
16.37
16.01
16.78
16.84
17.99
16.5
16.31
15.91
16.26
16.56
16.78
16.75
16.22
16.92
16.64
16.29
18.02
16.5
16.12
16.45
16.75
16.51
17.09
16.74
16.74
16.37
16.54
16.99
16.21
18.65
19.01
19.74
20.46
19.26
18.85
19.27
20.17
19.21
20.23
19.24
19.25
19.51
20.42
18.48
17.78
18.22
19.12
18.68
16.74
17.46
16.67
18.43
17.05
19.11
16.19
19.38
19.26
19.26
19.04
18.78
18.8
16.64
17.0
18.26
18.21
17.53
19.05
18.4
18.05
20.31
16.16
18.81
18.57
18.12
19.78
19.58
19.25
19.0
19.14
18.23
19.84
19.72
19.18
19.21
19.85
19.55
20.62
19.32
18.91
18.71
19.51
19.27
19.66
19.04
19.39
20.34
20.2
19.52
18.76
18.37
16.68
18.54
20.11
19.3
18.45
19.86
19.0
19.39
18.78
20.03
19.42
18.78
19.58
19.7
17.91
17.97
18.34
18.26
17.91
18.44
18.4
20.23
20.59
18.42
19.33
20.58
19.65
20.23
21.25
20.16
20.61
19.02
19.9
20.98
21.06
20.53
20.46
20.88
22.94
21.16
18.92
19.48
21.18
20.23
20.01
18.95
18.6
18.86
19.49
22.0
20.57
21.32
19.92
21.42
17.51
18.22
18.04
17.45
18.5
19.22
20.34
19.92
19.12
18.26
17.71
20.39
18.49
19.8
18.66
20.54
18.26
17.83
20.67
18.19
17.72
19.42
21.06
18.3
18.34
18.25
20.24
18.16
18.65
18.26
18.34
19.29
17.77
19.45
17.59
19.4
18.69
19.34
18.25
21.48
18.47
18.14
20.13
19.04
18.61
19.03
20.17
18.43
18.56
18.18
18.23
18.2
17.25
18.06
19.2
19.73
20.6
18.51
17.89
19.45
18.54
19.72
18.15
19.29
20.41
19.48
18.35
18.83
19.57
17.97
19.3
18.56
18.98
20.54
19.78
20.84
19.22
19.93
19.07
19.18
17.9
18.47
19.53
18.14
19.44
20.39
17.87
19.33
19.2
19.18
19.47
18.84
18.87
19.43
18.85
19.98
19.21
18.28
18.89
18.41
18.88
19.8
18.22
20.08
18.48
18.66
20.35
19.17
18.43
17.79
19.06
18.74
19.77
19.27
19.36
18.87
19.16
19.73
18.37
17.76
18.45
18.41
20.21
17.56
18.27
21.84
18.54
20.04
19.9
18.51
18.55
19.52
17.62
17.35
19.53
19.37
18.04
18.92
18.24
18.7
18.03
18.42
18.66
20.09
18.64
19.57
19.39
18.31
17.7
19.23
18.7
20.11
18.85
18.39
19.48
19.82
19.01
19.15
18.94
20.04
19.96
19.09
19.4
18.58
19.65
19.37
19.38
19.56
19.82
19.85
20.47
18.61
19.86
19.02
18.05
19.96
19.96
20.0
20.73
19.84
20.26
21.53
19.04
21.62
19.38
18.07
18.61
20.36
21.31
17.72
20.1
19.11
20.24
19.07
18.6
21.29
19.2
18.73
20.08
20.39
19.75
20.39
20.54
19.81
18.27
18.7
19.31
20.64
19.32
18.52
20.74
18.85
20.06
20.28
22.59
20.37
20.26
19.71
18.74
19.15
19.77
19.87
19.24
19.28
20.34
19.34
20.41
20.96
18.11
19.95
18.89
18.76
19.97
19.68
18.03
17.59
18.46
18.17
19.67
19.0
18.4
19.63
20.21
19.41
18.65
19.0
19.66
19.0
19.99
18.06
19.79
18.81
19.36
18.48
19.14
19.88
18.49
20.68
18.24
19.89
18.8
19.27
18.78
19.4
18.99
20.11
20.04
18.71
18.42
19.49
18.28
19.26
18.76
19.42
18.78
18.2
19.3
18.91
21.05
19.49
19.15
19.28
18.31
19.81
18.99
17.21
20.19
18.23
19.72
19.08
19.73
19.56
19.15
18.68
18.91
19.21
19.2
19.3
18.88
19.51
17.96
18.08
17.33
18.48
18.55
19.55
20.51
19.45
20.07
19.4
19.28
17.53
18.38
18.68
18.68
19.05
18.32
19.63
18.98
21.34
18.69
19.83
18.14
19.86
19.96
20.2
18.8
19.95
17.93
19.52
17.73
17.94
19.97
18.31
19.15
18.71
18.92
19.24
18.87
18.92
20.48
18.51
20.6
19.47
18.77
20.59
18.73
20.38
19.3
19.13
19.79
18.44
19.85
18.65
18.47
18.8
17.36
18.45
19.18
18.89
18.43
18.7
18.8
18.06
19.51
19.05
18.55
20.06
19.1
20.33
19.29
19.1
19.26
18.88
18.89
19.22
19.04
20.95
18.48
19.3
19.28
17.25
18.56
19.13
19.18
18.89
17.98
17.31
19.19
18.41
18.56
18.46
18.28
20.01
19.28
18.53
18.94
18.33
18.28
18.71
19.06
18.12
17.7
19.06
20.44
20.29
19.52
19.31
19.26
20.07
19.42
19.42
20.24
21.55
18.48
20.29
20.9
18.51
18.97
18.68
18.92
20.81
20.03
18.34
20.65
20.83
18.82
19.61
20.1
19.73
18.5
18.91
18.95
18.47
18.9
19.43
18.56
18.22
18.94
18.55
19.73
18.05
18.79
19.41
19.81
18.88
20.45
19.06
20.92
19.24
18.78
18.03
18.96
18.64
21.04
19.54
20.71
18.97
19.25
18.17
19.69
21.05
19.09
18.72
19.11
18.78
23.18
19.32
19.81
18.64
18.37
18.04
19.32
18.41
21.36
20.03
18.63
22.34
19.29
19.43
19.81
18.46
19.61
18.91
17.81
18.81
18.81
20.1
18.84
19.07
18.37
18.43
18.36
19.86
19.88
19.44
19.03
18.99
18.15
19.43
20.7
19.46
21.14
19.75
18.72
19.06
21.53
18.27
18.41
22.59
19.11
18.74
18.51
19.41
19.86
19.2
18.71
19.95
19.15
19.42
17.86
19.21
20.01
20.54
19.83
20.8
19.77
21.17
19.47
19.39
19.06
20.78
18.97
19.07
19.36
19.63
19.38
18.9
19.58
19.61
21.41
20.35
20.56
19.75
20.01
18.25
19.0
19.51
18.59
19.27
20.12
19.5
19.7
18.9
21.07
18.75
18.64
18.91
18.67
18.83
18.49
18.25
18.9
20.71
19.75
19.22
19.1
18.75
18.21
18.14
18.18
17.34
18.43
18.87
18.85
20.22
18.55
19.83
18.98
18.66
18.72
18.55
18.65
18.24
20.61
20.6
20.61
20.96
18.99
18.42
20.18
17.88
18.37
19.04
18.67
18.8
20.69
19.07
20.55
21.21
19.21
22.05
19.93
17.98
22.48
19.56
19.69
18.8
19.35
17.77
17.74
19.28
20.99
18.78
18.64
18.31
20.53
19.15
22.13
19.83
18.71
20.7
19.19
19.86
19.26
20.45
19.88
18.91
19.01
18.82
18.81
17.28
19.55
21.11
19.39
20.99
18.8
18.08
18.04
18.97
18.67
18.9
20.19
19.54
19.76
17.79
18.85
19.3
19.41
18.45
19.04
18.56
18.54
19.1
17.43
20.93
19.6
19.0
18.33
19.18
19.69
21.17
21.02
19.67
20.39
20.56
19.0
20.33
21.52
20.22
19.06
18.57
21.11
20.49
18.31
18.62
18.53
18.93
18.58
17.96
20.56
21.4
20.26
19.25
18.37
18.47
18.58
19.69
21.39
18.43
20.06
19.05
19.03
19.14
18.98
19.6
20.0
20.14
18.84
18.86
17.68
17.58
19.17
19.84
18.19
19.48
19.36
18.41
17.82
18.78
19.87
19.02
20.07
20.1
17.51
17.52
16.44
17.71
19.15
19.22
18.57
17.8
19.57
18.28
17.2
19.9
16.72
18.34
20.93
17.5
18.43
19.07
19.31
18.23
17.54
16.77
17.98
17.55
17.0
18.65
16.57
17.8
18.23
18.03
16.69
16.26
19.71
19.79
19.69
18.73
19.74
18.26
17.57
18.39
19.52
18.18
18.99
19.92
18.53
19.86
19.94
18.41
17.82
17.38
18.96
18.93
19.42
19.25
17.9
20.29
16.23
17.19
16.16
16.04
19.43
18.22
17.16
18.44
16.87
18.0
18.16
17.01
16.51
17.14
16.84
16.67
17.17
17.08
16.94
17.31
18.96
17.51
18.46
19.28
17.5
18.71
16.28
16.21
16.71
17.86
18.39
18.77
17.23
18.16
18.63
16.28
17.4
17.68
16.14
16.67
17.98
17.25
17.17
16.57
17.68
17.71
17.15
16.64
18.75
19.0
17.05
17.17
18.14
16.61
18.9
17.38
19.3
17.19
17.79
18.5
16.91
18.62
19.25
17.51
16.88
21.29
19.95
18.25
16.96
19.56
18.96
17.84
20.57
20.06
18.9
16.33
17.61
16.63
17.84
16.26
17.75
19.01
17.32
20.43
19.17
21.36
18.15
19.76
21.1
18.44
20.19
18.87
19.86
17.31
18.27
17.15
17.41
18.44
18.94
17.91
19.24
20.08
18.94
19.75
19.8
15.78
18.43
18.71
17.45
16.1
17.1
16.99
17.03
17.38
19.26
18.38
19.08
18.93
19.31
19.62
19.59
19.51
18.59
20.52
19.74
19.71
19.25
19.68
20.86
20.96
19.49
20.59
20.18
19.51
19.76
19.69
18.43
19.41
19.76
20.18
20.8
21.18
20.29
21.08
21.53
18.14
20.06
20.07
20.64
19.66
20.71
19.93
20.66
20.28
20.82
20.69
19.93
20.3
21.19
20.93
20.43
21.84
20.89
19.77
20.91
19.27
20.14
21.11
19.86
19.77
20.55
19.31
19.45
20.8
21.0
19.79
19.47
20.0
21.23
18.46
19.52
19.63
19.81
21.46
19.63
21.06
20.48
19.43
20.93
19.95
19.54
20.25
21.34
20.15
19.97
20.73
20.75
19.43
20.74
18.43
20.21
19.45
19.84
20.12
19.17
20.45
18.25
17.71
18.79
17.65
18.01
17.02
17.58
19.43
20.21
19.86
20.35
17.87
19.1
18.01
18.17
19.88
20.44
18.87
18.68
20.81
17.14
17.67
16.97
20.42
19.05
20.25
18.71
17.07
18.0
16.97
17.81
18.56
17.56
17.48
18.03
17.57
17.78
19.92
17.67
17.77
17.28
16.84
17.39
16.96
16.81
17.5
16.93
16.93
16.92
17.88
17.88
17.79
18.15
17.92
18.36
17.76
17.27
17.8
18.23
16.95
18.06
17.98
18.46
17.21
16.14
17.1
17.3
17.86
16.95
17.67
17.1
18.35
18.79
19.61
20.09
18.31
18.64
19.56
18.24
18.69
18.44
18.62
19.09
17.95
18.34
18.64
18.59
18.52
17.52
18.14
18.23
18.48
17.77
18.18
17.28
18.41
19.38
18.28
18.52
18.54
17.62
16.92
18.33
17.8
18.68
19.08
19.76
17.99
18.67
18.03
17.87
19.15
18.72
18.2
17.49
18.85
18.85
17.74
18.09
18.64
17.64
18.21
18.79
17.34
18.07
16.93
17.34
18.24
19.69
18.03
18.79
17.85
18.3
17.37
18.47
17.98
18.35
17.43
18.58
17.95
17.87
17.05
20.05
18.93
20.72
21.76
20.47
21.95
20.25
19.77
21.12
20.6
21.23
20.99
20.77
20.34
20.57
20.82
19.69
20.2
21.56
21.07
22.27
20.31
21.6
20.43
20.62
21.59
22.19
19.84
20.76
20.69
21.7
21.04
22.32
20.56
20.57
20.6
21.0
20.68
20.69
20.26
21.0
20.42
19.74
20.64
20.99
23.18
22.22
20.11
20.31
22.91
21.27
20.38
21.34
20.9
20.05
20.31
21.32
20.64
20.69
22.1
20.94
21.14
21.9
20.52
21.59
20.25
20.05
21.93
21.95
20.0
21.82
20.72
21.81
20.97
20.53
22.65
19.31
20.47
20.72
19.35
20.07
20.26
18.48
18.2
18.22
16.58
18.85
16.58
17.4
17.72
16.84
16.96
17.2
18.51
17.96
17.07
16.85
16.66
19.11
19.63
18.93
18.8
18.23
18.41
18.98
19.85
18.86
18.07
18.97
19.14
18.92
18.88
18.43
18.87
19.03
18.13
18.89
18.47
18.84
16.67
18.05
18.07
18.43
17.13
19.2
18.96
16.93
19.05
20.14
18.57
18.37
17.47
16.5
16.58
16.48
16.35
16.68
16.85
16.43
15.91
16.71
16.85
16.61
16.47
16.12
16.35
16.35
16.25
16.54
16.66
16.14
18.16
18.13
16.16
15.91
16.85
16.6
16.71
16.12
16.73
16.34
16.5
16.47
16.08
16.22
18.23
16.42
16.88
16.04
16.5
16.02
16.59
16.25
16.18
16.68
17.85
16.08
16.48
17.37
16.9
16.65
16.38
16.47
16.81
15.85
16.57
16.14
16.37
17.21
15.79
16.38
17.48
16.4
16.35
16.24
15.93
17.06
16.5
17.18
16.65
16.49
16.77
15.8
16.94
16.42
16.61
16.87
16.92
16.74
16.05
16.64
15.93
16.28
17.37
16.73
17.91
16.32
16.24
16.25
16.69
16.22
16.76
16.74
16.12
16.09
16.56
16.08
16.63
16.34
16.44
16.47
16.58
16.34
16.15
16.22
16.16
16.78
17.04
16.58
17.01
16.14
16.38
16.15
16.72
16.67
15.89
16.48
15.88
17.42
16.66
16.02
16.95
16.98
16.25
16.44
16.03
16.89
16.91
17.9
16.05
16.38
16.43
16.9
16.67
16.93
16.89
16.25
16.31
16.2
16.33
15.94
16.88
16.85
16.27
16.42
16.16
16.63
16.63
16.16
16.22
17.45
16.17
15.91
16.48
16.37
15.87
16.59
16.44
16.94
16.58
16.34
16.93
15.6
15.93
16.07
15.81
16.27
16.68
15.94
16.29
17.29
16.15
16.07
16.34
16.15
18.09
15.86
16.39
17.41
15.61
16.63
15.95
16.28
16.65
16.61
16.55
16.11
16.44
16.92
17.35
17.09
16.81
15.81
16.35
16.86
16.06
16.14
18.11
17.32
17.16
16.49
16.24
16.34
16.52
16.7
16.43
16.46
15.73
16.16
16.4
16.49
16.28
16.92
16.15
17.2
17.04
16.13
16.48
17.93
18.3
16.71
16.89
16.22
17.03
16.66
16.91
16.01
16.07
15.87
16.86
16.86
16.41
15.78
17.12
16.93
16.8
16.55
16.63
16.34
16.19
16.93
17.11
16.18
17.26
17.32
16.1
16.12
16.33
16.17
16.27
15.96
16.68
16.22
17.18
15.77
16.42
16.39
17.07
16.27
16.28
16.56
16.52
16.88
16.1
16.39
17.01
16.22
16.97
16.62
16.28
16.91
16.37
16.56
16.44
16.92
16.97
16.37
16.54
16.58
16.43
16.19
16.22
16.98
16.69
16.93
17.0
16.48
16.09
16.06
16.14
16.67
16.16
16.64
16.71
17.02
16.09
16.53
17.45
16.42
17.25
16.6
16.96
16.51
16.43
16.7
16.37
16.56
16.76
16.49
16.66
16.17
16.57
17.23
16.58
16.18
16.03
16.74
16.44
16.6
16.65
16.04
16.41
16.34
16.32
17.73
17.52
16.42
17.3
16.51
16.15
16.72
16.33
16.3
16.67
16.16
16.59
16.43
16.55
15.96
16.45
17.06
16.62
16.6
16.3
16.28
16.57
16.77
16.59
16.45
16.22
16.05
16.33
17.25
16.49
16.77
17.15
16.82
16.47
16.68
16.6
16.61
16.49
17.29
16.85
16.43
16.54
16.39
17.13
16.87
16.74
16.16
16.17
17.2
17.24
17.26
16.23
17.76
16.28
16.72
15.93
16.37
16.57
16.24
16.7
16.78
16.23
16.36
17.11
18.59
16.46
17.33
16.59
16.38
16.81
17.29
16.52
16.63
16.33
16.5
17.0
16.24
18.63
17.03
16.24
16.28
16.71
16.24
16.02
16.19
16.51
16.88
16.16
16.47
16.9
16.5
16.33
16.3
16.43
16.4
16.67
17.42
16.42
16.23
16.2
16.43
16.28
17.01
16.32
16.73
17.19
16.47
15.76
16.36
16.35
16.28
16.42
17.17
16.37
16.34
16.44
16.13
16.32
16.3
16.2
16.42
16.2
16.77
16.88
16.2
16.26
16.26
16.13
16.42
15.89
17.42
17.0
16.86
15.88
16.77
16.41
16.44
17.59
16.31
16.86
16.42
16.1
16.9
16.44
16.06
17.1
16.54
16.73
16.3
16.6
16.38
16.59
16.28
17.11
16.43
16.65
16.41
16.56
16.26
16.43
15.95
16.09
16.43
16.56
16.13
16.45
16.83
16.52
16.48
16.9
16.27
16.99
15.88
16.53
16.59
16.34
17.42
15.51
16.34
16.68
17.13
16.34
16.53
16.13
17.09
15.8
16.4
16.67
16.41
16.3
16.82
16.69
17.02
16.67
16.34
17.62
15.99
16.01
16.26
16.42
16.05
17.12
16.65
16.6
16.3
16.46
17.57
16.26
17.13
16.16
16.85
17.02
16.18
16.58
16.61
16.35
17.2
17.04
16.27
16.15
16.59
16.54
16.31
17.36
17.07
16.11
16.3
16.53
16.81
16.44
16.0
16.28
16.34
16.67
16.8
16.75
16.45
16.83
16.35
16.5
15.8
16.79
16.41
16.8
16.77
16.8
16.32
17.73
16.75
16.44
16.03
15.92
16.37
16.59
16.32
16.37
16.82
16.36
16.0
16.2
16.46
16.62
16.4
16.33
16.48
16.51
16.58
15.99
15.59
16.25
16.1
16.54
16.52
16.78
16.69
16.05
16.17
16.1
16.44
17.33
16.32
16.74
16.73
16.81
16.35
16.81
17.04
18.18
16.69
17.59
16.82
16.31
16.48
16.78
16.53
16.7
16.66
16.57
16.62
16.07
16.59
16.29
16.26
20.6
20.14
20.06
20.02
20.96
20.69
19.69
21.0
19.97
19.65
18.42
18.75
19.39
18.75
17.09
18.13
18.09
18.01
16.94
16.7
16.43
17.79
16.93
16.76
17.37
17.35
16.57
16.38
18.04
16.33
16.76
16.49
16.64
16.52
16.16
16.48
16.7
16.63
16.95
16.13
16.58
16.54
15.93
16.6
16.22
16.24
16.62
16.29
16.23
16.44
16.45
16.27
16.5
16.77
16.29
16.56
16.02
16.73
16.25
16.8
17.32
16.35
16.84
16.33
15.96
16.49
16.12
16.56
16.38
17.51
16.42
17.27
17.07
17.24
16.26
16.87
16.0
16.64
16.58
15.88
16.28
15.76
16.38
16.08
16.41
16.16
16.61
16.22
17.25
16.25
16.42
16.29
16.95
16.03
15.92
16.09
16.79
16.29
16.32
16.72
16.71
16.58
17.36
17.15
15.97
16.58
16.77
16.44
16.53
15.92
16.84
16.7
16.59
16.18
16.24
16.41
16.23
17.67
16.06
16.24
16.02
16.18
16.65
15.99
16.58
16.1
16.35
17.34
16.41
16.41
16.45
16.8
16.18
16.09
16.54
16.59
16.64
16.37
17.83
16.93
16.47
16.21
15.8
16.26
16.07
16.45
16.15
15.91
15.97
16.41
16.23
16.92
16.17
16.24
16.36
16.23
15.98
16.75
15.89
15.78
16.48
16.66
17.68
16.43
16.33
17.01
16.31
16.28
16.09
16.31
17.65
17.57
16.08
16.42
16.45
18.02
16.23
17.4
16.46
16.68
16.32
16.54
17.05
16.99
16.51
16.74
16.52
15.95
16.06
16.42
17.13
16.05
16.14
16.46
16.09
16.28
16.99
16.7
16.53
16.08
15.7
16.51
16.07
16.68
16.93
15.96
16.51
16.04
15.95
16.84
16.76
16.67
16.32
16.34
16.24
16.28
16.42
16.52
16.3
16.39
16.66
15.91
16.27
15.82
17.13
17.13
16.19
16.57
15.94
17.18
16.26
16.16
16.01
16.06
16.96
15.72
17.02
16.69
16.2
16.3
16.1
16.16
16.79
16.38
16.9
17.36
17.03
16.99
16.22
16.18
16.86
16.33
15.99
17.0
16.91
16.39
16.5
16.55
17.15
18.2
16.7
17.09
17.67
16.98
16.62
17.33
16.38
17.91
16.66
17.62
18.84
18.42
18.32
17.03
16.9
17.48
16.81
17.35
16.79
17.24
16.51
17.66
15.61
16.02
15.99
16.44
16.23
16.34
17.41
16.6
16.47
16.39
16.03
16.63
16.47
16.27
16.33
15.96
16.61
16.35
16.23
16.4
16.45
16.15
16.63
15.76
15.71
16.98
16.66
16.94
16.89
16.4
17.57
16.43
16.34
16.26
16.56
16.43
16.09
16.08
16.64
16.72
16.63
16.43
16.16
16.59
16.85
16.45
16.07
16.18
16.58
16.04
15.84
16.7
15.99
16.77
16.68
16.65
15.6
16.2
18.24
18.21
16.6
15.95
15.87
16.18
15.45
16.03
16.57
17.17
16.69
16.31
16.27
16.05
16.09
16.51
16.22
16.2
16.08
15.77
16.37
15.88
15.99
16.31
16.76
16.97
16.08
16.68
16.62
16.18
16.38
16.22
18.17
16.41
15.89
16.27
16.66
16.25
16.05
16.39
16.25
16.41
16.29
16.5
16.33
16.94
17.07
16.95
16.23
16.2
17.3
16.49
16.23
16.46
15.63
16.62
16.92
16.27
16.7
15.92
16.0
16.21
16.33
15.71
18.31
16.06
16.51
17.22
15.84
15.75
16.6
16.47
17.15
16.64
16.22
16.17
15.84
17.15
17.63
16.5
16.55
16.47
16.29
17.32
16.38
16.15
16.31
16.85
16.36
17.33
17.08
17.02
16.07
16.33
16.65
16.3
16.44
16.18
15.82
16.31
16.12
16.31
16.92
16.04
17.61
16.51
16.44
16.9
15.94
16.73
16.89
16.74
17.96
16.23
16.92
16.94
16.11
16.85
16.63
16.69
16.56
16.66
16.73
16.66
15.89
16.75
16.45
16.67
16.32
16.03
15.76
16.75
16.09
16.18
16.56
16.7
16.61
16.45
16.14
16.43
16.47
16.24
15.78
16.04
16.1
16.56
16.22
16.34
16.75
16.55
16.82
15.91
16.24
16.5
16.25
16.93
17.32
16.06
16.74
16.48
17.24
16.94
16.63
16.64
16.39
17.14
19.46
17.89
18.61
16.86
16.8
16.62
16.56
16.74
17.37
16.39
16.61
16.49
16.39
15.79
16.16
16.23
16.79
16.37
16.45
15.98
16.19
16.48
16.53
16.25
16.13
16.52
16.28
16.67
16.45
16.02
16.28
16.68
16.45
15.84
16.01
16.56
17.45
16.24
15.84
16.25
16.54
16.53
16.12
16.67
16.83
16.51
16.64
16.67
18.03
16.98
16.63
16.86
16.54
16.18
16.51
16.41
17.54
16.45
17.33
16.4
15.95
16.67
16.28
16.27
16.24
16.46
16.05
15.91
16.34
16.37
16.36
16.38
17.38
17.15
16.86
16.24
16.98
16.89
17.05
16.52
16.59
16.79
16.15
16.76
16.8
16.38
16.26
16.56
16.7
16.65
16.55
17.0
16.18
17.65
16.51
15.92
16.22
16.23
17.26
16.32
16.04
16.71
17.9
17.21
17.09
16.67
16.91
18.08
16.65
19.96
18.06
18.23
17.14
17.92
16.85
17.2
16.9
17.74
17.63
18.76
17.24
17.09
18.25
17.36
16.75
16.7
16.53
17.51
19.27
17.31
16.78
18.69
17.25
17.03
18.66
18.19
19.24
17.32
18.04
18.15
16.62
16.62
16.03
16.42
16.06
17.33
17.28
16.35
16.31
16.62
16.1
16.69
16.27
16.22
16.12
16.85
16.72
16.05
16.34
16.54
18.07
16.58
16.28
18.31
16.58
16.68
16.16
15.87
16.15
16.69
16.95
17.01
15.98
16.52
16.51
15.79
17.08
17.01
16.57
17.29
16.56
16.27
16.42
15.97
16.64
16.69
16.74
16.26
16.3
17.19
16.67
16.59
16.32
16.54
16.32
16.02
16.4
16.4
16.46
16.41
16.53
15.99
16.39
16.28
16.4
16.57
16.38
17.06
17.46
17.45
16.12
16.52
16.21
16.83
16.43
16.23
16.55
16.39
16.04
16.5
16.55
16.44
16.7
16.46
16.72
16.04
18.35
18.45
17.55
17.4
19.6
18.85
17.96
16.15
16.13
16.41
16.14
16.33
18.0
16.6
16.36
16.63
17.13
17.92
17.62
16.88
17.2
18.36
17.11
17.75
18.59
18.04
17.68
17.18
16.13
16.22
16.71
17.23
16.77
16.56
16.84
16.36
17.18
16.36
17.83
16.07
17.73
16.71
18.93
17.75
17.8
18.39
16.92
16.98
18.88
16.97
17.74
17.32
18.34
17.67
18.36
16.62
18.14
18.1
17.8
18.04
17.76
18.52
17.6
16.63
17.2
16.28
17.53
18.96
17.21
17.59
17.0
19.67
17.48
18.6
18.05
18.77
18.62
16.77
17.66
17.42
18.88
18.01
19.11
18.92
18.72
18.6
17.19
18.89
19.04
18.76
19.56
17.63
18.18
17.41
18.28
17.73
19.02
18.28
18.49
17.8
20.52
16.68
18.36
17.43
19.44
19.65
17.23
18.75
18.36
17.56
17.35
18.2
17.24
17.89
18.48
17.43
16.95
17.11
19.03
18.33
17.13
17.4
16.86
19.54
17.22
18.95
18.37
19.16
18.65
17.71
18.72
18.93
18.64
17.11
18.96
16.63
18.06
18.4
18.17
17.92
18.84
17.09
17.39
16.59
17.73
17.1
17.4
18.48
17.33
17.98
17.52
19.23
18.13
18.03
18.44
17.5
18.76
17.15
16.97
17.4
17.05
16.91
16.94
16.38
16.41
16.94
17.82
16.78
17.13
17.26
17.58
16.68
17.36
17.4
17.91
17.8
18.26
18.48
18.48
16.82
17.85
18.37
18.59
17.27
16.91
16.35
16.59
18.8
18.25
17.03
16.61
17.24
17.11
18.03
16.31
16.83
16.3
16.39
16.58
16.44
16.21
17.1
15.99
16.65
16.66
16.97
16.32
16.76
16.36
16.34
16.17
16.32
16.51
17.17
15.98
16.07
16.31
16.31
16.76
17.72
16.54
16.26
16.21
16.48
16.1
16.21
16.44
15.75
17.33
19.24
16.7
17.71
18.6
16.82
17.06
16.89
16.67
17.04
17.33
16.99
16.05
17.15
17.88
17.23
16.98
16.85
16.8
16.96
18.71
17.49
16.47
16.88
17.55
17.36
18.08
16.76
18.51
16.52
17.24
18.37
17.63
17.1
18.05
17.6
18.24
17.17
18.78
17.0
17.64
17.9
18.28
16.47
17.44
19.85
20.38
21.07
22.94
20.38
20.54
18.42
19.38
20.46
18.84
17.82
19.41
18.3
18.81
17.83
18.84
19.38
17.95
18.68
20.71
20.53
19.31
19.69
19.11
19.14
20.11
18.61
20.24
19.0
19.73
20.07
19.65
19.49
18.12
19.16
18.69
18.55
18.8
18.34
19.13
18.72
19.16
17.15
18.71
18.72
18.57
19.51
18.85
19.06
18.9
18.21
18.59
19.74
20.61
20.09
19.4
19.51
20.16
21.75
19.48
19.22
20.05
20.14
20.06
19.6
18.88
19.64
19.97
17.46
18.37
18.4
18.87
19.83
19.1
17.14
19.86
18.69
19.9
19.38
18.7
18.2
18.48
19.21
19.98
18.8
18.67
20.09
18.45
20.15
19.72
19.46
20.55
20.8
20.31
20.22
19.85
19.16
19.21
20.7
22.78
20.08
21.03
19.05
19.26
19.49
21.72
20.27
16.84
20.04
18.61
18.89
18.95
20.1
18.99
20.25
19.94
19.87
19.51
17.68
20.6
19.87
17.88
19.81
19.17
21.15
19.12
20.56
18.96
20.17
21.5
21.12
20.24
20.26
19.89
20.4
21.15
20.08
18.03
20.2
20.38
20.5
20.76
19.44
20.48
20.28
21.06
20.16
20.38
20.55
19.93
19.37
19.39
18.55
20.68
20.01
20.97
20.82
20.81
17.25
19.23
19.92
19.39
20.53
19.94
18.89
19.56
21.2
20.66
20.8
19.93
19.2
18.51
19.46
19.86
20.1
18.54
19.64
20.41
20.04
19.47
20.07
20.76
19.71
19.92
19.87
20.44
19.52
19.87
18.88
18.64
19.24
19.19
17.3
18.04
18.22
17.73
18.16
17.96
18.29
17.28
17.49
18.54
19.32
16.67
20.28
20.65
19.29
18.55
19.59
19.49
20.16
20.82
19.26
18.58
17.6
19.01
17.49
18.51
17.92
18.49
17.66
17.78
17.16
18.48
20.11
17.96
19.12
18.33
17.21
18.31
19.07
18.46
19.54
21.3
17.85
18.22
19.12
19.17
19.29
18.63
19.03
18.63
17.71
18.75
18.58
18.86
19.78
18.25
18.15
19.54
16.64
18.96
18.49
19.29
19.52
20.51
18.58
17.62
18.29
18.12
18.42
20.26
19.83
18.64
20.2
20.64
19.56
19.48
19.76
18.35
19.1
19.71
17.85
18.5
19.69
19.03
19.46
18.95
21.26
18.15
19.83
20.02
18.03
18.21
20.76
18.23
20.04
20.87
17.43
19.33
20.6
20.3
18.56
18.52
20.11
20.2
20.25
17.33
19.36
17.96
17.57
17.82
19.23
19.01
19.39
18.38
19.21
18.62
17.46
18.19
19.01
18.55
18.81
17.89
18.52
19.02
18.41
17.68
16.91
17.28
16.94
16.74
17.16
17.34
17.13
17.04
18.29
18.69
16.19
16.34
17.35
18.88
18.2
17.9
17.71
16.9
17.09
16.24
17.37
18.86
16.71
17.11
16.87
18.79
17.43
17.56
17.26
17.24
17.34
17.89
17.66
17.83
19.55
18.12
17.74
17.22
16.39
16.76
18.38
17.2
16.74
17.56
18.03
16.84
18.73
18.9
17.23
17.16
17.01
17.0
18.13
17.76
16.94
17.26
17.81
17.8
17.27
16.14
16.81
16.72
17.95
17.25
16.85
18.5
17.08
17.46
16.46
16.39
16.6
16.54
15.86
16.39
17.06
16.56
15.59
16.26
17.07
16.9
16.43
18.5
17.61
17.56
16.74
17.64
17.21
17.32
18.35
18.47
17.06
17.6
17.02
17.25
17.38
17.76
17.0
18.86
17.01
16.74
17.3
17.19
19.32
17.34
16.99
16.71
16.33
18.29
18.39
16.35
17.84
18.6
18.03
17.39
17.19
18.15
16.76
18.7
17.16
16.99
17.51
17.2
16.69
17.55
17.02
17.58
17.35
16.68
16.84
16.71
16.4
16.18
16.12
16.46
16.61
16.61
16.58
16.47
17.4
16.48
16.61
16.46
15.9
16.23
18.84
17.86
17.07
16.32
16.55
16.2
16.48
16.37
16.51
16.63
16.05
16.55
16.24
16.48
16.08
16.85
17.13
16.3
16.02
17.19
16.49
17.49
17.37
16.41
16.14
16.48
16.16
16.14
16.7
16.93
16.37
16.36
16.56
16.17
16.91
16.78
16.19
16.86
16.11
15.82
16.66
16.6
16.46
16.62
16.78
16.68
16.9
15.96
16.13
16.13
16.52
16.57
16.98
17.2
16.35
16.98
16.62
16.34
16.59
16.47
16.15
16.22
16.76
16.71
16.71
16.27
16.83
16.75
16.89
16.91
16.29
17.47
17.02
16.52
16.87
16.46
16.54
16.04
17.46
16.59
16.49
16.39
17.04
16.3
15.64
15.58
17.4
17.21
16.82
16.3
16.85
17.12
17.02
16.3
17.06
16.02
17.26
16.07
17.06
17.16
16.24
17.01
16.17
15.7
16.51
16.4
16.69
16.03
16.8
16.39
16.04
15.94
16.29
16.45
16.5
16.06
16.25
16.33
16.48
17.12
16.42
16.56
16.19
16.63
16.43
16.04
17.03
16.36
16.28
16.8
16.73
16.42
16.21
15.9
16.9
16.17
16.13
16.56
16.32
16.77
16.37
15.73
16.53
16.06
16.78
16.46
16.02
16.44
16.43
16.39
16.28
17.58
16.08
17.11
16.04
16.15
16.82
16.32
16.48
16.43
16.4
15.97
16.55
16.18
17.02
16.67
16.75
16.13
15.98
16.77
16.12
15.76
17.04
17.29
15.99
17.73
16.64
17.92
16.28
16.71
15.82
16.26
16.76
16.42
16.71
16.29
16.24
16.52
16.79
16.52
16.05
16.74
16.73
16.27
16.26
16.2
16.89
17.15
16.13
16.06
15.9
16.95
16.87
16.26
16.8
17.15
17.39
16.59
16.61
16.45
16.24
16.72
15.92
16.21
16.0
16.11
15.54
16.05
16.64
16.31
16.68
16.18
16.77
16.72
16.02
16.14
15.69
15.99
16.56
16.8
16.21
15.8
16.48
16.35
16.44
16.85
17.43
16.41
16.6
16.71
15.92
16.67
16.22
18.76
16.58
16.46
15.86
16.33
16.27
16.36
16.64
17.08
15.93
16.35
16.16
16.58
16.73
16.22
16.96
16.72
16.28
16.2
15.92
16.48
16.4
16.23
16.41
16.1
16.48
16.35
16.25
17.18
16.0
16.73
16.27
16.35
16.88
16.69
16.12
17.19
16.44
16.3
16.05
16.42
16.04
17.06
16.52
16.49
16.53
15.96
16.12
16.5
16.58
16.37
16.58
15.83
16.24
16.93
16.07
16.41
16.12
16.85
16.81
16.32
16.31
16.4
16.67
16.41
16.59
15.99
16.64
16.36
15.89
16.83
16.23
16.54
16.45
16.61
16.58
16.01
16.3
16.24
16.66
16.48
17.12
16.48
16.43
16.46
16.71
17.04
16.46
16.45
17.4
16.13
17.2
16.1
18.13
16.36
16.72
17.07
16.51
16.65
15.79
16.34
16.68
17.2
16.7
15.88
16.42
16.52
16.5
17.09
16.57
15.75
16.29
16.49
16.12
17.3
16.71
16.33
16.66
16.76
16.08
16.01
16.86
16.59
16.85
15.82
16.91
16.25
16.74
16.4
16.1
16.95
16.38
17.2
15.75
16.12
16.78
15.82
16.71
16.35
16.59
16.62
17.04
16.18
16.03
15.93
16.22
16.43
16.66
16.45
16.33
16.46
16.02
16.73
16.29
16.03
16.68
16.34
18.01
16.54
17.42
16.15
16.39
17.08
16.53
16.84
16.52
16.6
16.19
15.91
16.76
16.79
16.29
16.53
16.11
15.79
17.1
16.1
15.95
17.12
16.44
16.56
16.2
16.62
15.79
16.45
16.34
16.32
16.34
16.53
16.32
16.03
15.97
17.01
16.23
16.08
16.71
16.48
16.37
16.45
16.07
16.51
15.89
16.91
16.69
16.11
16.45
16.18
16.29
16.82
16.33
17.01
16.23
16.84
17.08
16.72
16.51
17.18
16.53
16.57
16.38
16.69
16.96
17.0
16.58
16.38
17.03
15.74
16.01
16.14
16.62
15.99
16.78
16.86
15.85
17.15
17.39
16.76
16.45
16.28
16.09
17.08
15.97
16.15
16.14
16.57
16.33
16.37
16.4
16.44
16.4
16.31
16.57
17.26
17.31
16.19
16.02
17.16
15.9
17.19
16.57
16.21
17.24
16.45
16.23
16.83
17.09
16.93
16.11
16.16
17.36
16.3
15.93
15.92
16.93
17.23
16.79
16.38
16.23
17.04
16.64
16.07
16.33
17.09
16.45
16.56
16.4
16.3
17.02
15.97
16.29
