16.65
17.82
17.87
17.94
17.53
17.31
17.31
16.97
16.26
17.48
16.4
16.76
18.08
18.87
16.45
16.77
17.16
16.46
18.81
18.13
16.3
16.69
16.84
17.22
15.8
16.62
15.99
16.31
16.4
16.63
16.21
16.59
18.23
17.92
17.86
17.27
17.04
16.89
16.42
17.18
16.66
16.01
17.28
17.19
15.83
16.83
16.24
16.68
17.15
17.96
18.15
17.03
16.7
16.9
18.4
16.71
16.18
16.07
16.81
17.63
17.64
17.42
17.94
17.98
16.69
17.45
17.76
18.74
18.05
16.76
17.3
16.11
15.96
16.54
16.1
17.5
16.49
15.71
17.29
16.47
16.49
17.74
16.5
16.53
16.87
17.73
16.97
16.22
16.15
16.58
17.72
16.65
16.9
17.37
16.58
17.28
18.79
18.11
17.21
16.91
17.05
16.14
16.15
19.71
16.96
17.88
16.76
16.97
17.84
17.36
17.17
16.54
17.56
17.44
16.34
16.27
16.27
17.16
16.21
16.44
16.67
16.53
17.91
17.58
16.84
17.16
16.42
16.47
17.63
17.03
17.91
16.73
18.21
16.9
16.24
17.86
16.66
16.09
16.22
17.23
17.67
16.99
16.89
17.17
17.2
16.38
16.57
17.64
16.53
16.17
17.29
16.63
18.24
16.51
16.39
16.86
17.25
16.55
18.31
17.8
16.38
16.64
18.54
16.97
16.13
16.53
17.49
17.66
16.31
17.98
17.94
17.04
18.05
18.47
16.26
16.64
16.99
16.71
17.66
17.72
16.64
17.68
17.54
16.6
16.77
16.61
15.88
16.15
17.5
16.62
16.19
17.56
17.94
17.36
16.87
16.9
17.64
18.32
16.32
18.0
16.41
17.77
17.23
17.94
17.55
17.13
17.43
17.3
16.82
16.72
16.3
16.65
16.49
17.51
18.14
18.73
18.28
17.96
17.1
17.28
17.95
16.45
18.62
16.31
18.52
16.84
18.05
16.29
17.85
16.95
16.46
18.56
16.64
17.27
17.09
16.15
17.8
18.04
17.7
16.68
16.07
17.84
17.75
16.2
18.54
18.02
17.17
16.2
16.12
16.9
16.7
17.28
16.57
17.04
16.97
17.19
16.89
19.03
17.02
17.89
15.91
17.77
16.64
18.46
17.69
17.63
16.67
16.71
16.54
16.64
17.78
17.45
17.45
16.7
16.99
17.72
18.09
17.45
16.79
16.6
18.73
16.12
18.13
16.99
16.84
18.09
17.08
18.26
17.46
18.05
17.45
16.45
17.73
18.01
18.64
17.14
16.85
17.89
17.51
18.75
18.43
17.48
17.12
17.79
18.42
17.99
17.96
17.82
17.36
17.87
17.78
17.89
18.12
18.45
17.97
17.66
18.16
16.68
16.82
17.49
18.88
18.24
17.79
16.71
16.44
17.56
17.44
17.55
17.98
17.37
18.33
16.44
17.72
18.2
17.35
18.44
16.2
16.95
17.37
18.05
17.67
17.82
16.43
17.46
16.61
17.97
15.77
17.9
16.75
16.59
16.44
16.68
16.86
17.41
16.61
18.11
18.45
18.46
18.32
17.58
16.9
17.23
17.99
16.53
16.84
15.87
17.64
17.62
17.87
17.51
16.75
17.75
16.42
17.69
17.32
17.74
17.99
17.56
16.51
16.6
17.7
16.61
15.88
18.08
17.57
17.64
18.14
17.46
17.88
17.49
18.55
17.79
17.38
17.07
18.04
17.47
17.78
17.57
16.94
18.51
19.37
18.41
19.26
18.01
18.67
17.82
17.59
17.17
17.44
17.51
18.55
18.35
18.43
17.65
17.1
17.19
18.67
18.25
18.44
18.81
19.72
16.12
18.33
17.91
17.93
17.31
18.27
18.25
18.24
17.83
18.11
18.41
17.99
17.69
16.95
16.99
18.28
16.65
15.76
17.63
16.9
16.96
18.75
16.45
16.98
18.04
16.81
17.19
18.53
16.55
16.35
16.43
18.12
16.8
18.12
17.79
17.12
16.83
16.24
16.29
16.29
18.21
16.75
17.42
15.94
17.28
17.54
16.29
17.22
16.18
16.75
17.94
17.28
18.44
18.2
17.52
16.28
16.02
16.7
16.75
16.38
16.34
18.06
16.74
17.21
16.41
20.45
18.09
17.63
16.27
17.65
16.47
16.41
16.76
17.95
16.34
16.53
16.67
17.57
15.84
16.4
18.33
18.18
17.7
17.68
16.38
17.55
16.99
16.6
15.91
16.62
16.61
16.31
16.32
17.97
17.41
17.91
16.28
16.37
17.74
17.64
16.2
16.51
16.28
17.43
18.11
17.18
18.44
17.59
18.48
18.26
18.24
18.01
18.08
17.86
17.21
17.56
17.49
17.49
16.62
16.34
15.96
18.3
17.63
17.85
16.53
18.87
19.06
17.85
18.39
17.66
18.57
18.65
17.84
16.92
17.43
16.66
16.97
15.75
18.07
18.29
17.31
16.76
17.47
17.62
16.11
18.01
17.0
15.84
16.7
17.46
18.21
18.21
17.84
17.33
17.74
16.24
17.73
17.51
17.17
17.26
17.56
17.07
18.36
17.77
18.26
17.84
17.99
18.23
16.4
18.07
18.23
17.99
18.63
18.88
18.35
17.55
17.97
17.47
18.41
17.12
18.55
18.25
17.6
18.24
18.3
17.15
17.49
18.16
16.63
18.58
18.31
18.9
18.16
17.77
18.3
16.87
16.95
16.85
17.8
15.76
18.06
18.61
16.73
17.0
18.48
17.21
16.54
17.37
16.69
17.98
18.51
15.97
18.32
18.49
16.19
17.83
18.92
17.56
17.01
17.23
17.47
17.97
16.09
16.82
18.22
17.56
18.67
18.15
18.11
18.69
16.74
17.02
16.08
16.64
16.06
18.15
17.35
17.86
17.0
16.1
16.93
18.06
18.55
16.89
18.81
17.39
16.51
18.45
18.88
17.94
16.87
16.08
17.75
16.31
18.08
18.36
15.77
18.54
17.71
18.07
17.84
17.91
16.73
16.73
17.68
17.46
16.34
17.74
17.36
17.45
17.61
17.59
17.97
17.81
18.42
17.86
17.86
18.18
16.98
18.56
17.57
16.15
16.23
16.83
17.63
16.59
16.33
16.48
16.28
16.32
17.34
16.71
16.35
17.96
16.01
18.0
16.21
16.35
17.4
16.32
16.63
16.83
16.01
16.22
17.35
16.53
15.98
16.18
16.29
16.39
16.36
18.19
16.05
18.96
16.4
16.97
16.06
16.45
16.47
16.28
17.06
15.97
16.42
16.39
17.0
16.0
16.29
16.58
16.55
16.46
16.44
16.5
16.06
15.92
17.31
16.63
16.48
16.71
16.87
16.18
16.8
16.23
16.77
16.17
15.66
16.61
16.25
16.03
16.05
16.47
16.35
16.2
16.08
16.62
16.47
16.16
16.16
15.84
15.98
16.38
16.2
17.36
16.56
16.22
16.46
16.62
16.5
16.29
17.01
15.96
16.23
17.08
16.48
16.18
16.64
16.0
15.75
16.04
16.34
16.91
18.11
16.48
16.38
16.25
16.21
17.67
16.42
16.27
17.03
16.83
17.06
16.25
17.22
16.14
16.57
15.66
16.56
16.5
17.17
16.43
16.89
16.34
16.79
16.74
16.67
17.18
16.54
16.62
17.42
16.63
17.37
16.39
16.07
16.76
17.07
17.06
17.21
16.25
16.21
16.77
16.13
16.97
17.26
16.16
16.73
16.44
16.4
16.29
15.98
17.02
16.54
16.47
16.05
16.12
16.64
16.16
16.24
17.37
17.67
16.87
16.86
17.11
16.38
17.56
15.98
16.53
16.42
16.21
16.81
16.47
17.63
17.71
16.88
16.33
17.0
16.23
16.24
16.12
16.22
16.59
16.75
16.14
16.53
16.35
16.37
17.09
16.84
16.64
16.6
16.23
16.73
16.97
16.82
16.74
16.5
16.75
15.86
16.24
16.45
16.48
16.52
16.41
16.31
16.03
15.93
16.71
16.77
16.56
16.55
16.57
16.88
16.42
16.08
17.25
16.39
16.99
16.25
16.97
16.37
16.68
16.34
15.85
16.57
16.54
15.49
16.13
17.17
16.5
15.76
16.16
16.66
16.88
16.06
16.55
16.43
16.6
16.55
16.76
16.12
16.3
16.4
16.26
16.26
16.2
16.59
16.2
16.16
16.71
16.65
15.96
16.72
16.9
15.88
16.4
16.59
16.62
16.81
16.62
16.05
16.88
16.33
16.75
16.8
17.1
19.4
16.61
15.69
16.61
19.12
16.81
16.77
17.08
17.13
17.22
15.93
16.3
16.78
16.31
15.83
16.81
16.67
16.73
16.45
16.31
16.37
17.15
16.22
16.94
16.07
16.66
16.34
17.78
16.09
16.38
16.47
16.29
17.15
15.83
15.84
18.43
16.19
16.23
16.47
16.66
16.46
17.81
15.89
16.1
16.13
16.43
17.65
16.32
16.63
17.03
16.41
18.36
16.59
17.19
17.61
17.15
17.78
16.69
16.57
18.06
17.37
16.52
16.75
17.2
16.39
15.99
16.94
17.9
16.94
17.82
18.3
17.07
16.0
17.16
18.45
16.66
17.85
17.98
16.58
17.22
17.19
17.78
18.08
17.45
16.45
17.11
16.14
16.87
16.49
16.99
16.14
16.86
16.83
16.63
16.99
16.52
15.78
16.45
17.91
16.32
17.89
16.98
18.07
16.49
16.37
17.02
16.95
16.55
17.12
17.85
17.03
16.25
17.09
16.41
18.5
16.73
16.76
17.21
16.54
16.3
17.21
16.82
16.46
17.43
17.37
17.72
17.03
15.88
17.51
18.61
16.47
16.7
16.82
17.27
16.73
16.53
16.71
18.05
17.62
16.88
17.88
16.61
17.72
16.35
18.13
17.0
16.28
17.5
16.97
16.23
17.25
17.74
16.5
16.28
16.92
16.53
17.27
17.37
18.7
16.53
16.84
16.45
17.25
16.37
16.62
15.99
16.57
16.51
17.09
16.27
17.1
16.61
16.14
16.32
16.57
16.88
17.94
16.9
17.58
16.24
17.16
16.24
18.0
18.25
17.87
18.51
15.82
17.56
17.57
16.66
17.92
16.69
17.27
16.32
18.68
16.6
18.02
18.14
16.85
16.52
17.3
16.79
17.36
17.9
17.34
17.8
17.0
18.51
17.61
17.77
17.31
18.36
16.86
17.69
16.05
17.55
16.37
16.33
18.17
17.1
16.31
16.75
16.67
17.09
18.17
16.53
16.94
16.44
18.04
16.52
17.09
17.0
17.63
16.48
17.28
16.63
16.6
16.52
18.3
16.7
18.02
16.86
16.5
18.22
17.89
16.35
16.96
17.88
16.89
16.6
16.93
16.22
16.73
17.43
16.77
16.82
16.56
16.47
16.86
16.39
17.81
16.85
17.8
18.26
17.68
16.49
16.18
15.79
16.11
17.61
16.43
18.83
17.03
16.92
18.12
15.91
16.7
15.84
18.78
16.23
16.74
16.91
15.93
16.66
16.63
16.59
17.42
18.35
18.34
16.5
16.3
18.09
16.84
16.63
16.34
15.97
18.3
16.29
16.96
16.54
17.15
16.59
16.79
17.17
15.98
17.15
16.18
16.5
15.88
16.48
16.31
16.32
16.38
17.45
16.22
16.89
16.64
17.04
16.56
16.79
16.65
15.9
16.11
16.51
16.21
16.26
16.72
15.83
17.21
16.35
16.68
16.05
16.35
16.72
16.95
16.68
16.62
17.46
17.48
17.23
16.26
17.68
16.18
17.33
16.2
16.43
16.38
16.31
16.59
16.38
16.3
16.87
16.77
15.94
17.64
16.17
16.28
16.42
17.44
17.2
16.75
16.12
18.11
16.66
16.79
17.58
16.73
16.52
16.85
18.16
17.02
16.81
16.55
16.83
16.98
16.57
16.35
17.32
16.77
17.16
15.92
15.58
17.44
17.56
16.1
17.84
16.09
17.62
17.59
17.75
18.05
17.22
16.67
18.05
17.44
16.58
16.18
17.64
17.49
16.54
17.51
17.68
17.97
17.8
16.39
17.37
16.52
16.58
16.5
18.16
17.84
17.18
17.19
16.73
16.96
16.8
17.09
17.08
15.64
16.79
17.77
16.6
17.73
17.18
17.47
16.12
16.62
15.94
17.5
15.89
15.87
16.07
17.46
16.81
16.04
16.28
16.42
16.9
16.08
16.25
17.41
17.86
18.45
18.7
16.55
16.6
18.06
17.93
17.73
17.08
18.01
16.09
17.86
18.63
17.37
18.6
17.99
18.21
16.86
18.08
17.12
16.55
18.13
16.77
18.37
16.66
17.73
17.73
17.6
17.65
16.96
17.33
18.51
17.29
17.7
17.28
17.33
16.61
16.58
18.04
17.84
18.3
17.18
16.16
17.31
16.68
17.05
17.95
17.29
17.85
16.61
17.56
19.16
16.38
19.83
16.63
17.86
16.98
16.69
16.38
16.99
16.86
17.64
18.82
18.01
16.92
17.39
17.0
19.53
19.0
18.48
16.39
16.95
19.71
19.24
18.38
18.12
18.03
17.86
18.24
18.66
18.27
17.29
17.9
18.7
18.88
19.38
19.15
18.93
19.11
18.44
18.78
18.82
19.25
18.35
17.63
17.28
18.66
19.24
19.44
17.34
19.14
19.37
18.07
18.25
18.14
19.38
18.79
17.92
19.38
18.56
17.54
18.92
19.16
18.35
17.25
18.5
19.4
18.21
19.05
17.39
18.37
18.21
18.68
19.69
18.79
16.76
16.55
18.61
16.77
17.0
18.03
18.6
16.91
18.05
16.49
18.56
16.85
18.66
18.13
18.91
18.26
18.73
18.48
20.17
18.76
18.21
17.3
16.24
18.34
16.96
16.8
17.5
17.61
18.44
18.54
18.02
18.43
16.1
16.14
17.27
16.69
16.43
19.03
18.53
18.4
18.93
20.31
19.1
17.37
18.75
18.89
18.0
18.04
18.56
18.79
18.62
16.93
18.56
18.8
18.61
18.9
18.89
18.52
19.17
18.29
18.31
17.41
16.82
16.84
18.28
17.43
18.02
18.36
17.24
18.61
17.89
18.35
18.52
16.84
17.27
17.04
18.84
18.56
18.89
18.99
19.3
16.81
18.24
18.18
19.61
18.43
18.29
18.26
18.97
18.87
19.87
18.08
18.28
18.92
18.31
19.31
19.12
18.64
18.88
17.15
18.97
18.08
18.31
19.45
18.61
19.12
19.2
18.41
17.06
18.47
17.37
18.29
20.19
18.8
19.46
19.03
18.17
19.24
19.37
18.71
18.7
18.89
18.39
18.68
18.44
18.84
18.48
18.97
18.22
18.48
17.96
19.22
18.25
18.4
18.63
19.94
19.28
18.12
20.06
19.12
17.87
17.9
18.87
18.07
18.43
18.85
18.83
19.2
18.92
18.41
18.69
18.14
18.25
20.17
18.99
18.45
18.7
17.4
18.46
19.08
19.98
18.65
19.1
17.9
19.5
19.73
19.04
18.71
19.1
18.66
17.72
18.52
18.27
17.92
19.52
17.9
17.91
19.13
18.46
16.44
18.63
17.91
19.69
19.63
18.49
18.94
19.62
19.29
19.22
19.46
18.08
17.26
18.17
20.13
19.76
19.89
17.51
17.83
18.99
18.19
18.57
18.79
20.09
20.16
19.26
18.39
18.41
18.73
17.34
18.27
16.74
17.81
18.6
16.99
18.21
17.94
20.54
17.16
16.87
16.12
17.12
17.59
17.34
17.21
18.92
19.2
18.35
18.18
18.17
18.14
18.83
17.17
18.18
18.76
16.29
17.15
18.13
20.21
19.25
18.76
17.88
18.41
17.67
18.62
17.55
18.25
17.36
17.63
18.13
16.53
19.09
18.13
18.54
18.94
18.39
18.08
16.79
17.27
17.78
17.26
18.86
17.25
16.44
19.85
18.13
19.1
17.97
19.24
17.24
18.25
18.83
18.71
18.21
18.34
19.7
16.73
18.81
18.97
17.18
18.54
20.43
18.17
16.79
16.06
18.45
17.97
16.11
18.43
17.72
17.1
17.92
17.03
17.06
17.0
16.43
17.72
18.45
18.09
16.89
16.65
19.8
19.22
16.95
19.06
17.27
19.63
19.85
18.14
19.39
20.12
19.48
17.87
18.48
18.45
18.54
17.77
18.62
17.91
18.54
20.15
17.49
19.06
18.47
18.18
16.62
19.19
18.92
19.05
17.06
16.89
17.41
18.76
16.72
19.19
19.43
18.45
17.99
16.15
18.63
18.15
16.85
18.04
16.95
18.78
19.28
18.97
18.41
18.7
18.55
17.43
16.55
16.68
17.08
17.95
18.46
17.73
17.93
19.44
19.51
19.24
16.18
17.53
19.1
18.64
18.08
16.62
16.88
16.31
15.84
18.36
18.59
18.11
16.92
19.89
16.53
17.89
17.01
18.12
18.41
16.8
17.86
16.27
16.54
17.78
16.58
16.76
17.36
20.37
16.4
16.2
16.67
17.94
18.65
17.99
16.75
18.77
18.28
16.53
17.55
18.68
17.1
16.42
18.05
18.1
19.21
16.9
19.62
18.28
18.22
18.58
18.44
18.3
17.91
18.56
18.05
17.77
20.01
18.09
18.96
18.23
16.54
16.28
17.21
16.75
17.17
17.96
17.08
18.05
17.97
18.52
16.01
16.51
18.22
21.0
17.0
18.41
19.14
19.01
17.05
16.84
17.29
18.19
16.67
16.8
17.13
16.99
18.23
17.19
19.54
18.0
18.04
19.34
17.91
19.25
18.02
18.39
19.29
19.07
17.57
18.48
18.41
18.69
19.44
19.38
17.87
18.88
17.71
18.63
17.08
16.98
16.72
16.71
18.02
16.3
16.32
16.85
17.76
16.7
18.26
16.48
17.39
16.34
16.11
17.61
17.73
16.39
15.96
16.34
16.8
16.0
16.45
16.55
17.55
16.84
16.14
16.62
17.48
16.24
17.25
16.05
17.28
16.46
17.55
17.26
16.77
16.5
17.96
17.86
16.84
19.96
17.46
17.49
16.23
18.71
16.67
17.9
17.36
16.27
17.56
17.74
18.1
17.65
17.98
16.08
17.36
16.36
17.93
16.37
16.86
17.07
16.43
16.25
16.6
17.2
18.26
16.02
16.88
16.6
17.56
18.28
18.09
18.26
16.85
18.17
16.94
17.1
17.27
16.19
17.11
16.23
17.23
16.46
16.37
16.31
17.46
15.93
18.06
17.04
17.07
16.62
16.3
18.0
17.03
16.93
17.12
17.94
16.84
16.92
17.75
16.48
18.6
18.2
16.01
16.45
17.74
18.56
16.53
18.01
17.58
16.49
17.28
17.55
17.16
17.55
16.19
17.99
17.9
17.72
17.94
16.82
15.89
17.98
16.6
17.46
18.07
16.57
16.67
18.1
17.25
15.74
17.76
17.54
16.1
17.49
18.86
16.41
16.32
17.49
17.36
16.23
16.34
16.32
16.37
17.47
16.66
16.04
15.87
16.15
16.48
17.07
16.27
17.53
16.29
16.31
17.11
15.88
16.2
16.77
17.26
16.43
16.18
17.69
16.62
17.19
17.63
17.2
16.93
16.46
16.68
17.23
15.86
16.4
16.97
17.15
18.0
16.52
16.37
17.06
16.33
17.34
16.73
16.39
17.13
17.45
16.69
16.78
17.02
16.48
16.49
16.41
16.03
15.92
16.79
15.89
16.29
16.69
16.79
17.74
16.8
16.43
17.1
16.69
16.85
17.57
16.9
16.7
16.86
17.74
17.2
16.42
17.92
16.45
16.4
17.0
17.47
16.52
16.65
15.95
16.35
16.69
18.31
18.79
17.84
16.87
17.45
18.12
18.1
17.78
17.97
18.63
17.69
15.97
16.1
17.64
17.97
16.01
17.81
16.57
18.62
16.39
16.86
18.14
16.09
16.37
16.21
16.31
16.8
18.28
17.18
18.0
16.33
17.17
16.21
17.09
16.59
16.36
18.22
17.23
17.66
16.42
15.93
17.62
17.22
16.84
16.95
16.32
16.36
16.39
17.27
16.4
18.01
17.26
16.54
16.96
16.74
16.57
16.92
16.5
16.3
16.56
18.3
16.65
17.02
16.45
16.1
18.5
17.89
17.17
17.07
16.57
16.41
17.59
17.6
18.01
17.48
16.79
16.43
15.97
18.72
17.5
16.89
16.7
16.94
16.18
16.2
17.0
16.77
16.49
16.54
16.15
16.27
17.37
17.03
16.89
18.4
16.55
17.07
17.51
16.66
15.92
17.82
17.47
18.25
16.31
17.19
18.4
16.71
16.25
16.57
17.75
16.88
18.55
17.38
16.99
16.63
16.53
17.35
18.36
18.55
18.4
16.17
16.81
18.65
17.35
17.6
19.33
17.03
18.05
17.25
18.32
16.22
17.51
18.25
18.62
18.97
18.96
18.04
17.3
18.76
17.64
18.52
17.27
18.58
19.02
18.87
19.64
19.37
16.75
19.16
18.38
18.25
19.21
16.43
16.23
17.43
20.23
17.48
20.52
18.46
18.13
18.74
20.05
20.29
18.16
17.68
18.97
19.16
20.06
18.69
20.01
18.93
19.21
19.01
20.41
20.7
18.56
20.19
20.61
18.54
18.17
19.26
17.79
19.29
17.8
18.61
18.94
18.95
18.09
19.74
19.86
19.58
19.36
19.21
18.62
19.81
20.32
19.64
19.85
19.79
18.52
19.14
18.65
18.07
18.43
18.88
20.89
19.35
19.58
19.0
19.28
19.21
18.09
19.23
18.55
19.12
19.24
19.3
19.79
18.9
19.03
20.0
19.58
18.8
19.06
17.28
19.12
18.46
18.76
19.62
17.8
17.85
17.4
18.91
17.97
17.3
18.24
19.11
19.41
18.62
18.26
18.47
17.76
17.61
18.63
17.65
16.2
18.55
18.58
18.09
16.74
19.76
18.24
18.07
18.19
17.73
18.43
18.48
18.73
19.08
19.58
16.57
19.28
19.2
19.21
17.39
18.6
18.45
19.73
19.37
18.85
18.53
18.58
17.97
18.89
18.97
19.04
19.3
18.3
18.55
18.08
18.98
18.4
18.43
18.72
19.32
18.36
19.03
17.86
19.95
19.42
18.12
17.15
17.72
19.63
19.82
18.13
16.71
18.87
18.42
19.51
18.72
18.77
20.01
19.49
19.2
19.72
18.81
21.0
20.02
18.93
19.81
20.64
18.99
17.68
18.02
19.1
18.69
18.38
19.23
19.0
18.64
18.89
20.3
20.0
20.1
19.2
18.69
19.47
19.67
18.33
19.3
19.19
19.58
19.76
18.74
19.54
19.12
18.91
19.07
18.9
18.54
18.67
19.38
18.81
18.77
19.16
18.87
18.65
18.94
18.42
20.03
19.19
18.66
18.69
19.28
19.39
18.63
18.8
19.83
18.32
20.09
18.93
18.93
19.28
21.17
19.96
19.21
19.02
18.8
18.33
19.03
19.3
19.29
19.33
19.35
18.13
19.61
19.73
19.32
19.45
19.36
19.29
20.26
19.2
19.38
19.19
19.15
19.13
18.95
18.87
19.77
19.07
19.35
18.38
18.23
18.95
19.68
19.46
18.39
19.35
18.84
19.01
19.6
18.88
19.52
19.16
19.39
19.15
19.41
19.34
20.02
19.32
19.24
18.55
20.66
19.27
18.85
18.82
19.54
20.07
18.82
19.09
19.77
19.44
19.73
18.73
19.37
18.91
19.35
19.32
18.93
18.31
20.48
18.94
20.29
18.99
18.9
19.23
19.11
19.55
19.07
18.64
18.49
18.47
19.44
18.79
18.7
19.71
19.31
18.34
19.6
18.85
19.46
19.36
18.93
20.28
18.71
19.44
18.14
19.73
19.83
19.63
19.64
17.63
18.51
19.06
19.09
18.75
18.66
19.34
20.23
20.04
19.73
19.13
19.89
19.53
18.38
18.56
19.25
18.43
19.52
18.27
20.1
18.45
19.0
19.2
19.53
20.11
18.82
19.03
17.39
18.83
20.08
18.59
19.07
18.82
19.11
18.75
18.57
18.95
19.02
18.97
18.38
20.41
20.52
21.55
19.64
19.73
18.64
19.34
19.32
17.99
18.31
18.36
18.88
18.89
18.81
19.24
19.24
19.18
18.4
19.58
18.3
19.43
19.27
20.15
18.22
18.45
18.65
20.2
19.06
19.68
17.57
19.25
19.03
19.01
19.35
19.09
19.53
18.92
19.08
20.49
18.92
19.53
18.95
18.88
19.45
19.08
18.42
19.32
18.91
18.42
18.85
19.59
18.63
20.25
19.11
18.89
18.57
19.92
19.19
18.77
19.57
19.07
19.59
18.59
19.49
18.13
18.14
19.43
18.87
18.95
18.64
17.42
19.3
18.41
20.11
18.62
19.78
18.22
19.7
18.83
19.49
18.55
19.06
19.19
19.23
20.28
20.44
17.75
20.21
19.74
19.4
19.58
19.94
18.44
19.16
19.03
19.73
18.97
18.95
18.16
19.53
18.33
18.89
19.94
18.75
18.79
19.62
18.48
19.32
19.12
19.0
16.87
18.02
18.89
18.39
17.93
18.57
17.18
18.96
18.73
19.82
18.88
17.61
17.01
17.72
18.48
19.2
19.23
19.92
20.86
20.27
19.78
19.33
19.55
19.19
19.08
17.83
17.68
21.17
18.85
20.64
21.14
18.14
19.03
17.76
19.47
19.29
18.22
18.67
17.52
19.2
19.4
19.76
19.51
18.59
17.96
18.54
18.1
17.63
18.07
17.62
18.68
19.19
20.53
18.86
19.06
19.21
18.63
19.02
20.83
19.17
19.59
18.99
18.16
18.02
18.99
18.27
19.15
18.79
17.74
19.44
19.1
18.56
19.59
19.79
18.13
18.69
18.88
18.88
20.04
18.93
18.85
19.22
19.79
17.3
18.94
19.93
20.34
21.05
17.72
19.14
17.97
17.83
19.79
19.59
18.06
18.69
18.13
19.89
20.89
19.72
18.89
18.69
18.65
18.67
19.62
18.84
21.23
21.97
22.16
23.34
20.21
18.55
19.59
19.18
18.6
18.55
20.9
19.88
19.06
18.94
19.32
19.46
19.04
19.62
19.75
18.31
18.57
18.9
18.83
19.28
18.98
18.14
18.95
19.25
19.93
20.27
18.6
19.78
17.56
18.2
19.67
18.21
19.15
18.85
18.3
20.64
19.52
19.84
19.32
19.54
18.98
19.05
17.86
17.4
17.42
18.98
17.75
19.07
19.78
19.78
19.51
18.96
19.52
17.01
19.59
19.7
17.42
17.4
18.4
16.65
17.07
17.83
16.51
16.93
17.43
15.92
16.64
16.72
16.53
15.97
17.05
16.71
16.57
17.34
17.55
17.91
17.64
18.33
16.34
17.75
16.28
16.82
17.34
16.76
18.21
16.55
17.56
16.09
17.02
16.27
16.59
17.17
17.28
17.26
17.78
17.0
17.06
16.63
16.46
16.71
18.24
17.13
17.74
16.35
16.44
16.43
16.65
17.07
17.19
16.5
17.6
19.33
16.13
16.94
17.97
18.32
16.9
17.9
17.35
16.38
17.99
16.74
17.12
16.67
17.65
17.83
16.65
16.79
16.23
18.25
16.09
17.06
16.67
16.92
17.08
18.11
17.37
17.15
16.56
17.14
18.3
17.96
17.27
17.92
16.81
17.14
16.58
16.85
16.95
18.02
18.15
17.08
16.38
16.9
17.09
17.75
20.53
17.63
17.51
16.88
16.87
17.79
15.95
17.07
17.3
17.05
17.34
16.54
16.4
17.14
17.0
18.08
17.96
15.81
17.4
16.57
17.13
17.25
17.49
16.2
16.73
16.93
16.87
17.16
17.74
16.54
16.49
18.24
16.44
16.97
17.16
17.38
17.34
15.89
16.43
16.02
16.45
17.1
18.08
16.86
16.45
16.57
16.57
18.58
17.38
18.05
16.05
16.86
16.49
17.63
16.61
16.37
16.42
16.79
17.23
16.8
16.4
17.31
17.47
17.52
16.59
16.43
16.79
17.26
16.66
16.66
16.9
17.05
17.82
16.71
17.99
18.09
17.75
18.44
16.88
17.58
17.04
16.89
16.91
17.3
16.58
17.71
16.85
17.29
16.9
16.65
16.68
16.57
16.44
17.43
20.02
16.46
16.39
18.75
16.48
16.24
16.17
16.82
16.47
18.05
17.94
18.04
16.55
18.41
16.28
16.22
17.87
16.7
17.46
16.1
17.6
16.99
16.23
16.67
16.57
17.73
18.2
16.96
16.18
16.96
16.94
16.43
16.29
17.16
16.67
16.98
16.2
16.53
17.19
18.52
17.42
16.17
17.89
16.45
17.76
16.21
17.58
16.46
16.53
16.44
17.35
17.24
17.79
18.29
16.73
17.11
15.91
16.33
16.8
16.28
16.27
16.86
16.81
17.84
16.82
17.66
17.65
16.09
17.59
16.65
16.64
17.67
17.49
18.04
16.45
16.74
16.86
17.09
16.91
17.32
17.64
17.44
17.93
17.93
18.16
16.64
16.61
16.2
16.5
16.93
16.7
16.53
18.28
16.1
16.27
17.24
16.43
16.76
16.34
16.63
16.97
18.69
16.6
16.28
17.17
16.65
18.27
16.04
16.54
17.75
17.89
17.42
18.25
17.89
18.14
17.59
19.52
17.69
17.35
17.16
17.19
18.08
18.62
16.59
17.44
17.25
18.05
18.23
17.63
17.28
16.93
17.82
17.24
16.03
18.16
17.27
16.5
16.62
17.54
16.49
16.38
16.67
16.14
18.41
17.83
16.55
17.89
16.7
18.37
19.04
16.94
16.5
18.12
16.62
16.81
16.16
16.5
17.72
18.89
17.24
18.15
17.03
17.53
16.85
16.55
17.35
17.98
18.13
18.37
17.94
18.42
16.06
18.05
16.65
16.58
16.14
17.46
18.2
17.09
17.22
17.15
16.66
16.32
16.48
18.64
18.17
16.97
18.8
18.6
16.26
18.26
16.38
18.4
16.3
16.15
18.96
16.85
18.14
16.21
16.77
16.61
16.69
17.84
16.36
17.09
16.48
18.03
16.6
18.61
16.32
18.87
16.62
16.33
18.48
18.65
19.59
17.64
17.14
16.99
17.29
17.92
16.6
18.19
16.1
16.27
16.14
18.11
17.5
17.63
16.66
16.64
16.7
16.37
17.01
18.01
18.28
17.35
17.82
16.46
16.25
16.58
16.93
16.71
17.59
16.97
17.88
16.73
18.11
17.93
17.02
17.09
16.08
16.9
18.76
18.79
19.28
20.05
18.79
18.28
16.38
16.0
19.33
18.25
17.56
16.58
18.9
16.92
18.94
18.72
19.2
19.69
17.9
18.53
18.18
18.84
17.56
16.77
18.47
18.67
17.78
18.36
18.8
18.27
18.69
16.62
18.55
18.87
18.69
16.66
16.48
16.89
16.59
18.6
16.93
18.78
18.55
18.91
19.17
18.4
19.01
17.41
18.52
18.51
18.73
18.53
17.49
18.66
18.88
19.54
18.75
18.17
18.09
19.98
17.77
17.65
18.2
18.5
19.49
18.19
19.41
19.41
19.14
18.51
16.7
18.96
18.82
17.88
18.67
20.45
18.81
17.73
16.89
18.91
20.05
19.72
17.12
18.67
18.5
18.94
18.18
16.89
16.34
18.13
18.54
17.94
18.16
18.99
17.98
18.32
19.27
16.77
17.17
17.87
18.7
17.69
16.51
18.52
18.24
17.63
18.2
18.32
18.34
17.95
18.86
17.08
18.41
18.25
18.71
18.8
17.71
17.21
16.95
17.03
19.09
18.04
18.1
18.37
19.12
19.02
18.19
19.72
17.65
18.09
16.81
19.68
16.84
19.04
18.67
18.14
18.49
18.99
18.52
17.97
17.25
19.24
17.91
17.81
18.1
17.72
19.3
18.53
18.02
16.6
18.57
20.18
17.74
18.1
18.54
19.42
19.23
19.05
18.34
18.46
18.03
18.08
19.26
17.84
19.09
19.01
19.82
19.24
18.12
18.76
19.66
20.45
20.67
19.35
19.02
19.09
18.34
18.87
18.64
19.44
17.52
18.76
18.06
18.22
19.87
19.99
18.85
19.25
16.86
18.28
18.62
18.57
17.39
19.87
18.64
19.34
19.23
18.39
18.16
18.57
20.43
19.21
16.57
17.39
19.88
18.88
16.71
18.77
17.6
19.74
18.15
16.67
16.89
17.09
19.05
18.66
18.31
19.74
17.87
16.57
18.38
19.43
18.44
21.81
18.32
17.91
18.47
18.29
18.54
19.76
18.64
18.08
19.04
19.02
19.08
19.54
18.17
19.34
18.65
19.13
19.24
18.56
18.62
19.02
16.78
17.89
18.41
19.23
18.13
16.78
19.08
18.62
19.35
19.05
18.72
18.18
17.61
17.9
19.34
17.75
19.29
18.35
18.33
19.36
19.9
18.78
19.06
18.46
19.48
18.77
18.62
18.09
17.78
19.04
18.09
17.57
19.35
19.45
18.89
19.85
18.74
16.85
18.34
18.36
18.25
16.88
18.3
16.35
18.76
18.99
18.09
17.49
18.78
18.17
16.51
18.76
19.7
18.84
16.41
16.65
18.55
16.54
16.81
17.13
18.4
16.85
18.52
18.21
20.3
16.44
17.23
16.94
17.6
18.77
19.1
18.08
18.69
18.29
18.03
18.1
18.44
18.95
19.04
19.38
19.03
19.44
18.4
20.54
18.39
18.07
18.81
17.97
17.56
17.7
17.16
17.74
17.74
16.88
16.14
17.86
18.31
17.14
18.25
19.38
17.39
19.95
17.92
16.73
16.79
18.58
17.82
16.56
18.17
18.62
17.65
16.76
19.4
17.49
17.79
18.42
18.24
18.29
19.16
18.31
19.1
17.45
19.84
18.75
18.52
18.1
17.63
17.55
16.99
19.28
18.04
18.38
17.05
19.3
19.18
20.21
19.79
18.51
17.01
18.33
19.17
17.87
16.62
17.12
19.32
18.83
16.75
16.77
19.34
18.86
18.7
18.57
18.11
18.93
19.92
16.46
16.98
17.1
17.69
17.94
17.24
18.49
18.44
16.71
18.5
19.62
17.64
19.43
18.95
17.34
17.23
18.23
19.08
18.41
19.48
17.96
18.24
17.69
18.56
18.29
18.26
18.51
18.35
17.68
19.24
18.16
16.86
18.37
20.02
17.87
19.32
17.98
18.71
17.98
18.55
19.48
18.12
19.46
18.14
17.03
16.83
20.11
18.92
18.85
18.65
18.62
18.33
18.25
19.6
19.45
19.43
18.08
19.11
19.44
20.26
20.21
19.47
17.06
19.04
18.79
18.42
19.25
18.93
17.74
19.0
17.33
18.31
19.15
20.13
18.93
19.66
19.44
18.88
20.23
20.02
18.27
16.54
17.6
18.73
16.76
17.2
18.12
17.05
17.29
17.78
18.47
19.7
19.71
19.59
19.64
20.4
18.84
17.55
19.73
20.71
19.48
19.25
16.35
18.95
16.52
16.33
17.5
17.92
16.72
16.39
18.55
18.12
18.34
19.12
16.32
16.92
18.61
17.42
18.16
18.62
18.76
18.61
19.6
18.9
18.75
19.67
18.33
18.13
19.08
20.11
19.26
20.61
18.6
17.91
19.34
16.9
18.81
18.44
17.92
17.19
17.7
16.57
17.0
16.86
16.41
17.64
18.97
16.45
16.23
16.63
18.19
17.3
18.42
16.42
16.77
17.27
16.69
16.85
16.36
16.42
17.21
17.33
17.12
16.92
17.36
17.99
17.62
17.97
16.53
18.11
16.63
18.38
16.89
16.34
16.86
17.36
16.29
18.13
16.93
16.12
17.96
17.51
17.02
16.8
17.88
18.27
18.23
17.7
17.86
18.22
18.33
18.18
17.43
18.49
17.3
18.34
17.05
16.3
17.14
17.18
18.16
16.87
17.64
16.21
16.35
18.46
16.3
16.14
18.0
17.27
16.7
16.94
16.39
16.49
16.53
16.66
16.42
16.38
16.81
16.11
16.66
16.54
16.45
17.09
18.73
17.4
17.76
16.46
15.79
17.23
18.7
18.51
18.57
17.69
16.74
17.32
17.65
16.09
17.78
17.93
16.55
16.51
17.46
17.73
16.36
16.5
18.01
16.85
18.3
16.64
18.59
16.66
17.79
17.11
16.95
16.38
16.78
18.08
18.1
17.61
16.67
17.22
16.72
17.15
17.66
17.26
17.35
17.8
16.7
16.49
18.09
16.32
16.16
16.72
16.12
16.49
18.19
16.91
16.62
16.17
15.98
16.11
16.6
17.67
16.25
16.48
16.54
17.4
16.65
16.51
17.39
16.62
16.2
18.18
17.91
18.24
17.56
17.53
16.49
17.51
17.03
17.61
18.07
16.97
16.47
16.59
17.03
18.52
15.94
16.97
16.42
16.56
17.05
17.03
16.63
16.85
17.14
15.75
16.37
16.49
16.56
16.42
17.59
17.31
17.8
16.57
16.43
17.86
16.2
17.35
17.02
17.43
16.98
16.91
17.26
16.92
16.58
17.92
16.69
17.02
16.14
17.93
16.92
16.02
18.22
17.88
16.74
16.9
17.42
17.57
17.74
16.86
16.48
16.86
16.79
16.84
16.58
16.9
16.27
17.17
18.21
18.36
17.59
16.86
18.09
17.11
16.69
16.3
18.04
18.01
16.65
17.36
17.01
16.71
18.02
18.73
16.95
16.83
16.9
17.23
18.56
17.06
17.24
16.2
17.36
17.98
16.79
17.61
15.58
17.15
17.56
16.56
16.43
16.61
18.13
15.99
17.85
16.79
16.1
16.07
16.7
16.97
18.21
16.88
16.4
16.74
16.15
16.94
15.95
16.44
16.92
16.26
17.11
16.91
17.3
17.52
16.15
17.74
17.82
16.52
16.27
17.02
16.19
17.73
18.85
16.78
16.04
17.0
18.47
17.77
18.33
15.92
17.13
16.53
15.8
17.64
18.99
16.33
16.49
16.2
17.44
17.14
17.28
15.95
17.48
16.02
18.67
16.51
17.31
16.34
16.15
18.31
16.86
17.41
16.76
16.73
16.83
16.89
16.09
16.75
15.97
16.01
16.98
16.36
18.66
16.69
15.68
17.93
17.07
16.15
16.29
16.56
16.78
16.51
16.11
16.66
15.91
16.49
15.96
16.44
16.03
16.99
18.14
16.11
17.89
17.87
18.42
16.57
16.59
16.86
16.86
17.33
16.57
18.39
16.22
16.85
16.34
17.46
17.97
16.41
16.3
15.9
16.09
16.71
18.04
18.22
15.96
18.4
17.14
17.14
18.47
18.02
17.83
17.42
17.86
16.42
17.9
16.69
17.98
16.13
18.19
17.86
18.53
18.78
16.87
17.74
16.72
16.18
16.43
16.59
18.23
18.52
17.57
18.86
16.93
17.61
16.65
18.72
17.77
18.05
17.87
16.87
18.03
18.41
16.43
16.02
18.05
18.22
17.47
18.25
17.0
15.83
16.19
16.91
17.82
17.85
16.69
17.66
16.61
17.76
16.67
16.67
17.17
17.3
18.03
18.07
17.24
16.45
17.07
16.21
16.18
16.59
17.38
16.37
16.24
16.27
15.95
16.57
17.53
16.55
16.35
16.1
16.61
16.17
15.96
16.67
16.22
16.98
16.39
16.6
18.11
18.97
16.88
18.23
16.4
16.18
16.43
18.22
16.99
16.83
16.55
18.43
17.26
17.6
19.34
18.3
18.42
16.57
18.83
18.45
17.78
18.85
17.05
18.58
18.48
18.18
17.41
18.24
17.42
17.85
18.08
19.05
17.17
17.37
16.03
16.25
16.88
18.02
16.32
18.21
17.58
17.49
18.48
18.54
18.53
19.49
18.19
18.13
17.12
18.76
17.49
17.75
18.7
18.71
18.1
18.95
18.56
18.34
18.47
18.44
16.82
16.5
18.75
20.16
16.52
17.72
17.3
17.49
18.44
17.76
16.72
17.2
17.2
16.52
17.35
17.24
17.55
16.15
18.45
17.75
18.34
16.67
16.93
19.05
16.58
19.23
15.93
17.82
17.15
17.06
17.11
16.94
16.32
16.43
17.14
16.78
17.44
16.47
16.88
16.26
16.97
16.7
16.26
17.31
17.87
17.17
15.87
16.53
16.55
16.45
17.8
16.69
16.58
16.55
16.52
16.43
18.04
18.41
16.99
17.6
16.39
17.19
16.9
16.47
17.07
16.38
18.57
17.6
17.34
17.67
17.27
16.81
17.92
16.46
16.43
17.32
16.27
17.58
16.91
17.62
16.17
16.75
18.65
17.73
16.6
18.38
16.84
16.43
16.31
16.61
17.96
18.74
16.19
19.19
17.12
16.23
18.53
19.16
17.97
18.85
18.0
18.27
18.09
17.67
18.52
17.9
17.94
17.02
16.63
18.11
18.66
18.74
18.73
18.54
18.06
17.82
16.76
17.5
17.54
17.58
16.89
16.49
18.62
17.61
18.33
18.09
16.53
17.96
17.24
16.72
18.96
17.33
20.43
17.9
17.67
16.24
17.66
16.74
18.09
15.91
17.98
16.72
18.95
19.95
20.8
19.48
20.48
20.5
19.83
19.84
20.22
19.78
20.6
19.76
22.36
21.25
20.57
20.1
20.58
21.42
21.5
20.74
21.31
19.33
20.93
21.53
21.28
19.65
19.77
20.23
19.02
18.83
20.18
18.85
19.83
20.69
20.7
20.1
20.19
20.53
20.26
19.18
18.74
21.1
20.79
20.12
21.81
21.11
20.35
19.63
20.21
19.73
19.72
19.99
20.04
19.34
20.16
19.62
20.85
19.85
20.32
20.34
20.74
19.98
20.05
19.13
20.67
20.41
20.63
20.95
20.57
18.94
19.21
20.3
21.33
20.39
20.0
22.14
20.16
20.3
19.62
21.26
19.72
20.48
20.99
20.54
19.36
21.33
20.15
20.29
19.17
20.98
20.98
21.12
20.97
20.1
21.03
21.28
20.58
20.45
20.77
21.4
20.99
20.19
21.21
21.28
20.19
20.31
20.12
20.34
20.76
21.7
20.47
20.31
20.24
20.85
19.47
20.53
20.7
19.89
20.64
21.58
19.64
20.77
20.76
21.66
20.42
21.98
20.93
20.99
19.48
20.56
20.91
19.88
20.79
20.05
20.73
20.53
19.32
19.63
21.26
20.55
22.11
19.8
20.2
22.24
20.05
19.13
19.98
21.15
21.18
19.81
21.87
19.96
23.0
20.07
21.28
20.85
21.34
20.45
21.21
20.55
19.74
20.02
19.78
20.02
20.4
20.14
20.85
19.48
20.68
19.53
19.82
18.49
21.09
19.97
21.43
20.87
18.95
20.13
20.24
20.34
20.24
20.47
20.01
21.2
21.31
19.54
19.92
20.26
20.47
19.13
21.83
20.07
20.1
21.11
20.72
20.58
19.39
20.7
20.17
19.43
20.27
20.56
20.31
19.99
20.23
19.82
20.48
18.63
20.13
20.02
19.39
20.17
21.13
18.99
20.81
20.44
19.44
21.2
19.52
20.4
20.36
18.86
20.18
19.93
19.3
20.04
18.66
22.02
20.26
20.11
20.91
20.82
20.09
20.48
19.2
19.67
19.18
20.21
18.98
20.64
19.75
21.16
19.12
19.14
19.84
19.39
20.42
20.64
19.32
19.41
20.32
20.66
20.43
20.9
19.49
19.99
19.46
19.4
19.99
19.85
19.4
19.95
20.1
20.08
19.13
19.82
19.26
21.81
20.36
20.41
19.35
20.62
20.26
20.62
19.42
21.35
20.46
20.24
20.41
19.49
20.09
18.92
19.89
19.4
20.26
20.57
19.81
20.78
20.16
20.41
19.25
20.18
20.05
19.18
19.92
20.14
18.49
20.3
20.36
20.28
22.94
18.93
19.88
19.78
20.34
18.74
20.26
19.2
20.08
18.65
20.61
19.4
20.4
20.94
21.14
21.45
20.24
20.74
20.11
20.74
20.41
20.81
20.01
21.01
20.33
19.07
19.76
21.0
19.88
19.28
20.01
20.06
21.04
21.39
20.71
20.73
20.97
20.59
21.2
20.6
21.86
20.85
21.1
20.97
21.3
21.87
20.8
20.97
20.33
20.28
20.23
20.85
20.79
19.95
20.72
21.97
19.32
20.4
20.92
19.33
19.81
19.77
16.72
15.94
17.72
15.98
17.1
16.88
16.86
17.08
16.42
16.96
18.22
17.07
16.85
16.01
15.91
17.56
17.31
16.97
16.61
17.13
16.05
17.68
16.46
15.9
16.93
16.14
17.37
17.3
16.65
16.95
16.47
16.84
16.17
16.46
17.14
16.76
17.48
16.55
16.23
16.74
16.85
18.3
16.39
17.55
17.25
17.76
17.31
17.61
16.52
16.37
17.5
17.46
16.13
17.72
16.72
16.67
16.48
16.64
16.22
16.27
16.33
16.7
16.45
16.78
17.78
17.68
16.32
18.82
16.21
16.5
15.95
16.32
16.8
16.96
16.33
18.22
16.28
16.1
17.14
16.06
16.44
16.65
17.3
17.07
16.44
16.66
16.6
18.09
16.35
16.95
16.99
17.75
16.45
16.47
16.48
16.79
17.71
16.0
17.05
16.51
18.52
17.32
16.82
16.46
17.43
16.88
17.18
16.76
17.02
17.62
16.25
16.99
17.04
16.78
16.46
18.42
16.42
16.36
16.93
17.02
18.12
17.96
16.63
17.45
16.11
16.79
17.29
15.9
17.74
16.46
16.09
16.96
18.39
17.44
17.27
17.52
16.89
16.72
17.68
18.91
17.36
17.71
16.6
17.14
15.99
16.45
17.86
18.52
17.47
16.42
16.86
16.17
18.51
17.08
16.57
16.87
17.79
16.69
16.76
16.89
16.95
16.53
16.72
19.36
16.55
17.0
16.93
18.34
18.1
16.36
16.63
16.98
18.27
17.82
18.53
19.34
18.97
16.8
18.85
17.09
20.03
18.54
19.97
18.71
18.78
16.35
17.52
18.92
18.51
17.29
18.25
16.42
16.45
19.89
18.15
18.58
18.69
19.11
18.31
16.8
17.43
16.52
17.82
16.98
18.63
16.52
16.35
18.35
16.21
16.77
16.81
16.53
18.06
17.95
17.78
16.61
16.42
16.57
17.0
17.02
16.97
16.44
17.99
17.82
16.67
16.28
16.34
16.97
16.92
16.56
17.43
16.58
16.39
17.81
18.39
16.63
16.55
17.17
18.23
17.42
17.0
16.7
18.73
16.58
17.97
16.53
16.86
17.03
17.27
16.36
16.83
17.49
16.9
16.56
16.43
16.49
17.51
18.19
16.66
16.85
16.83
16.78
17.47
16.7
17.19
17.92
17.0
17.44
17.28
17.33
16.99
16.63
16.59
16.69
17.02
16.78
15.99
17.53
17.55
16.04
18.26
16.76
16.44
16.29
16.59
16.88
17.98
16.8
15.89
16.47
17.08
16.79
16.33
16.55
17.63
16.72
17.94
17.24
17.97
16.76
16.39
16.63
16.82
17.26
17.15
16.71
16.18
17.99
17.25
16.41
17.49
16.45
16.07
17.35
18.06
17.93
19.03
19.13
16.39
16.42
16.36
16.13
17.65
16.62
16.87
17.33
17.07
16.64
16.3
16.76
16.51
16.78
16.87
16.48
16.92
16.6
17.91
16.6
17.04
17.03
16.06
18.54
16.29
16.75
17.34
16.66
17.37
16.88
16.39
16.07
16.7
16.53
16.89
16.21
17.0
16.59
16.38
16.04
17.8
16.22
16.6
16.6
17.34
16.08
18.85
20.64
19.63
18.79
18.82
19.62
20.16
20.96
19.09
19.27
19.51
18.0
21.16
18.94
18.51
18.39
20.28
18.76
18.63
17.7
17.04
20.8
17.62
19.18
17.32
20.1
19.09
19.45
19.27
18.82
19.78
19.05
19.73
20.01
20.02
20.33
21.53
20.25
18.77
19.11
17.85
18.36
19.06
18.91
18.79
19.0
18.82
19.48
20.01
18.19
18.58
17.41
17.49
16.81
17.56
16.45
18.19
16.19
17.39
17.46
16.64
17.39
17.21
16.91
18.14
16.54
18.8
17.18
16.31
17.0
18.3
17.46
16.81
17.2
17.57
15.82
16.03
17.14
18.44
16.73
16.99
16.84
16.84
17.0
16.75
17.59
19.12
18.52
18.25
18.76
19.5
16.62
18.56
16.72
16.25
17.06
16.74
16.77
16.79
17.32
16.38
16.01
16.58
16.16
16.61
16.91
16.99
16.49
17.59
17.6
16.17
16.97
16.99
16.64
16.49
16.72
18.81
16.7
16.36
17.88
17.75
16.72
16.49
18.27
16.91
16.96
17.14
16.99
17.02
16.35
16.46
16.45
17.47
18.12
16.16
17.27
16.56
17.54
16.9
18.2
16.55
17.38
16.65
16.78
17.16
18.22
17.16
18.28
16.52
16.17
16.77
16.43
18.03
17.7
16.48
17.0
17.88
17.87
17.06
16.88
16.82
17.96
16.45
16.9
16.95
17.88
16.36
16.72
16.63
16.28
16.73
18.07
18.07
16.34
17.99
16.87
16.49
16.72
16.57
17.71
17.3
16.2
16.71
16.94
18.1
16.33
16.88
16.65
16.45
15.82
16.02
18.66
16.71
16.74
16.37
17.15
17.13
17.64
16.18
16.02
17.51
16.85
16.44
16.85
16.79
16.83
16.22
16.23
16.76
16.35
16.99
18.28
17.01
16.57
16.14
16.7
16.56
16.2
17.08
16.44
16.95
16.35
16.23
16.26
16.68
16.41
16.04
17.28
16.72
17.15
16.5
16.08
16.37
15.65
18.19
16.77
17.92
16.72
16.75
16.33
16.57
15.93
16.78
16.84
16.2
17.37
17.56
16.03
16.73
16.74
17.39
18.32
18.55
18.16
17.91
17.22
17.82
16.65
16.1
16.83
17.33
16.07
16.5
16.47
16.66
16.55
16.14
16.93
16.93
17.59
16.57
16.32
17.51
16.37
16.51
16.6
15.89
16.16
17.63
16.11
18.34
16.84
16.72
16.36
16.5
16.25
16.68
18.18
18.44
17.04
17.17
17.91
16.95
18.08
18.16
17.76
18.13
18.82
19.27
17.06
16.09
16.93
18.76
18.27
18.61
17.48
16.75
18.17
17.51
17.1
16.31
17.9
18.31
18.52
18.99
18.16
18.97
18.29
16.01
16.46
17.52
17.79
16.73
18.68
17.89
16.11
17.77
19.27
18.56
16.86
16.5
16.42
16.27
16.27
17.12
16.91
16.64
16.17
16.48
17.14
16.89
17.87
16.35
16.48
16.07
17.19
16.6
16.45
16.38
16.45
16.49
16.92
16.11
16.77
16.45
16.66
16.43
16.08
16.4
16.97
18.27
16.97
16.99
16.6
17.4
16.0
16.69
17.27
17.13
17.73
17.07
18.23
16.25
16.97
16.15
17.45
16.79
16.57
16.64
17.1
18.23
16.74
17.59
16.63
17.42
17.99
16.83
17.06
16.74
16.83
16.5
17.42
17.87
18.24
17.45
17.18
16.09
16.96
17.51
16.69
16.34
16.98
16.86
17.24
16.83
18.41
17.47
15.74
16.26
16.31
17.32
16.59
18.33
16.56
17.89
16.79
16.33
17.09
16.8
17.01
16.6
17.2
17.41
16.77
15.99
16.58
16.31
16.96
16.11
18.01
16.26
16.57
16.65
16.76
17.29
17.0
17.06
16.99
17.06
16.88
17.38
18.02
18.43
16.56
16.49
17.77
16.67
16.6
18.02
16.24
16.41
17.56
18.13
17.82
16.78
16.11
16.94
16.44
15.89
16.41
16.92
16.44
17.69
16.34
16.86
16.67
18.33
16.91
17.71
16.83
16.46
16.29
17.24
16.8
16.02
15.85
18.11
16.46
17.7
16.29
17.29
16.26
17.67
16.56
16.85
16.66
16.53
16.83
15.98
16.23
16.9
16.56
16.33
16.44
16.7
16.46
16.42
15.88
16.37
16.84
16.71
16.58
16.46
17.81
16.3
17.75
16.66
17.19
16.4
16.65
17.49
16.96
17.12
16.28
17.89
17.92
16.77
18.59
16.53
17.41
16.59
16.75
17.97
17.84
17.71
17.7
16.92
17.5
16.69
16.88
16.45
16.89
18.34
17.57
16.61
18.57
16.15
17.3
16.22
16.71
16.03
15.87
15.89
18.36
16.61
16.57
16.38
15.89
17.55
16.68
16.78
16.61
16.96
16.63
17.77
18.26
16.15
16.53
17.03
16.8
17.88
16.63
16.61
16.47
16.13
16.53
18.56
19.1
18.06
16.55
18.35
17.6
16.49
18.33
17.08
17.0
16.37
16.26
16.27
17.82
16.74
18.32
16.68
18.12
16.84
17.33
18.88
18.64
17.38
16.52
17.07
15.99
16.42
17.15
18.16
17.06
16.96
17.78
16.33
17.18
18.67
18.18
18.28
16.47
16.72
16.52
16.51
17.18
17.13
16.69
17.34
16.1
15.94
18.14
16.93
17.7
17.52
18.33
16.19
18.73
19.19
16.56
18.51
17.68
18.47
18.52
16.81
17.08
16.79
18.62
16.94
16.77
18.42
16.97
16.84
16.86
18.27
17.09
17.76
16.7
16.68
16.47
18.05
17.37
16.55
18.99
18.4
18.03
16.64
16.02
17.15
16.39
18.76
16.89
16.82
16.53
16.63
17.05
16.75
17.4
15.82
16.01
16.34
17.24
16.6
18.09
16.03
16.75
16.2
16.42
16.89
16.54
17.12
18.17
17.04
16.92
16.77
16.42
17.48
16.08
16.66
16.4
17.08
17.07
16.77
17.56
15.85
17.28
16.32
16.95
18.58
16.84
16.84
16.79
16.32
16.45
16.01
16.15
17.17
16.02
18.2
17.87
16.8
16.38
16.35
17.26
16.23
16.58
16.77
16.42
17.27
16.63
16.25
16.65
17.24
16.78
16.88
16.73
17.03
16.29
16.36
16.98
16.38
16.25
16.22
18.44
17.76
16.75
16.16
16.61
17.77
16.47
16.35
16.92
17.74
16.49
16.36
16.96
17.41
16.91
17.39
16.62
15.79
16.73
17.54
16.31
16.04
17.39
18.28
16.32
16.02
16.25
16.38
16.58
16.45
17.42
16.99
18.17
19.02
19.89
18.88
17.2
16.82
16.72
17.06
17.18
18.11
16.8
16.43
16.03
16.52
17.47
18.53
17.73
17.29
16.63
16.8
17.95
18.32
16.73
17.85
16.68
16.64
16.35
16.29
16.18
16.32
18.41
18.31
16.69
18.08
18.62
18.49
17.15
18.04
16.27
16.99
18.45
17.81
18.17
16.69
17.24
16.75
17.4
17.57
16.17
17.12
17.14
17.16
17.68
16.21
18.62
17.66
18.55
16.8
17.01
17.22
17.51
15.97
17.45
16.36
17.84
17.54
15.88
16.77
16.54
16.89
17.33
16.0
16.51
16.19
15.99
17.02
19.34
17.69
16.68
17.17
16.59
16.55
18.18
16.32
16.72
17.43
17.76
19.65
16.98
19.23
17.18
16.76
18.08
16.58
18.01
15.95
19.13
17.78
16.44
17.4
17.57
18.41
17.62
17.72
18.09
18.78
18.49
18.78
18.33
16.48
16.88
17.17
17.43
18.52
17.59
18.56
17.65
18.76
18.12
18.22
16.87
17.92
17.56
17.2
17.57
18.05
16.87
18.67
18.37
17.11
19.1
16.02
16.95
18.61
18.48
18.58
16.92
17.7
18.94
18.84
18.2
19.45
18.44
16.79
17.1
17.43
17.61
17.71
17.08
15.97
17.08
17.58
18.91
17.16
16.82
16.71
18.42
17.41
16.46
17.7
17.93
16.66
16.37
16.22
16.48
17.34
17.9
16.93
16.36
17.55
16.67
17.02
16.56
18.91
16.79
16.22
16.77
18.45
18.32
16.66
17.72
17.42
18.57
18.69
18.69
17.76
17.89
18.68
18.67
18.27
17.99
19.76
18.08
18.27
17.85
18.49
17.06
17.66
17.86
18.33
17.04
16.9
18.11
18.03
17.69
16.63
17.35
18.55
19.09
17.02
17.88
18.96
18.42
18.53
18.91
17.47
18.14
18.04
19.41
19.21
17.09
17.31
17.84
16.98
17.02
17.28
17.64
17.77
19.25
18.91
19.35
17.69
18.59
18.85
19.36
19.57
18.17
16.52
17.07
16.53
16.98
19.08
20.33
18.04
19.08
19.28
19.42
19.79
18.14
17.53
16.94
18.98
18.43
18.37
18.88
16.19
16.98
19.02
19.25
17.88
17.87
18.25
18.22
19.21
18.2
17.01
18.6
19.73
18.43
18.55
17.63
18.94
18.22
18.4
16.8
18.66
18.76
17.98
17.09
18.06
18.06
17.53
16.65
19.56
16.76
18.96
18.9
18.97
17.8
16.58
17.83
17.59
19.16
18.5
18.8
16.68
16.58
16.85
18.32
18.57
18.58
19.3
18.51
19.36
18.59
18.69
18.66
19.94
18.68
18.71
18.68
18.12
18.72
19.27
20.31
16.97
16.8
18.04
18.56
18.53
18.95
18.55
18.17
18.57
17.64
19.03
18.44
18.11
18.72
17.85
18.47
17.72
18.87
19.82
18.91
16.78
16.88
20.23
17.49
17.07
16.21
19.07
19.36
19.59
18.21
18.1
19.58
17.93
18.74
18.07
18.32
19.1
16.91
18.44
16.96
18.26
18.66
18.33
19.18
18.98
16.81
17.36
18.02
19.54
16.12
18.21
18.9
16.49
17.8
19.77
18.06
19.49
18.49
18.18
18.65
17.34
19.25
17.04
16.76
18.55
18.06
17.31
16.16
16.64
16.45
16.64
18.36
16.7
16.12
17.12
16.98
17.0
17.42
18.15
18.15
16.92
17.5
16.17
16.51
19.26
17.65
19.88
16.88
17.68
18.67
16.69
18.44
18.32
19.14
18.51
19.04
17.88
18.58
20.59
18.97
18.81
19.13
18.43
18.32
18.06
16.02
18.1
18.47
18.34
18.91
17.82
18.79
19.11
18.29
18.29
18.39
16.69
18.52
17.52
16.53
16.81
17.71
16.73
16.43
16.35
16.93
17.11
17.17
16.49
16.95
16.8
16.33
16.72
17.12
16.94
16.81
16.56
18.26
17.28
17.85
17.02
17.21
17.36
18.05
16.74
17.46
17.03
17.26
16.79
18.48
18.82
17.42
16.65
16.83
19.03
16.22
17.41
16.6
18.74
17.95
17.59
18.63
18.22
18.98
16.37
18.54
17.56
18.07
18.51
16.5
16.91
16.89
20.55
18.78
18.51
17.45
18.13
16.32
16.91
16.53
16.62
16.71
17.94
17.77
19.93
18.27
19.26
19.38
16.9
19.03
17.93
20.15
18.17
17.09
17.04
18.95
16.69
18.38
16.87
18.67
18.24
18.64
19.17
18.28
18.82
18.98
19.03
18.5
17.75
18.48
20.08
18.71
19.15
18.83
17.98
18.25
19.57
18.84
17.99
19.5
19.24
18.35
16.34
17.06
17.25
17.3
17.25
17.05
19.17
18.71
18.42
20.12
19.09
19.17
18.02
19.61
17.67
19.59
18.58
18.8
17.95
16.62
18.97
16.58
17.51
16.9
17.75
16.83
17.2
18.62
16.88
18.9
17.67
17.6
18.41
18.81
18.83
17.31
16.88
18.69
17.7
18.42
16.89
16.71
16.33
17.46
16.51
16.6
18.13
17.25
17.0
16.56
17.01
17.08
18.11
16.6
16.97
16.45
17.42
17.97
16.75
19.26
16.2
16.95
16.45
17.88
19.65
16.69
16.84
20.47
17.9
17.72
17.59
17.59
19.67
20.24
16.77
18.3
18.61
18.05
18.03
16.91
17.33
16.76
16.53
17.58
17.42
17.38
19.36
16.83
17.77
17.99
18.4
20.09
18.84
19.14
19.01
17.62
18.17
17.56
18.59
17.98
17.62
18.12
19.99
18.67
20.36
18.95
16.62
18.34
17.59
17.62
18.8
18.66
17.7
19.86
18.29
20.46
17.99
16.99
20.32
17.99
18.26
17.7
16.36
17.71
19.35
17.44
19.25
17.55
18.77
18.23
17.3
16.69
17.12
16.19
16.88
17.79
18.77
16.73
17.49
17.64
16.39
19.0
18.1
19.34
18.19
18.85
18.66
17.4
18.49
17.3
18.48
17.88
17.89
19.06
16.96
17.99
17.65
16.96
16.64
17.71
17.77
18.87
17.18
18.31
18.51
16.94
16.71
17.26
17.02
17.72
16.13
16.32
16.64
18.77
18.35
18.74
17.74
18.21
17.46
19.82
18.89
17.53
17.13
18.63
18.34
17.91
18.18
19.22
19.28
18.7
19.57
18.33
18.79
17.22
17.05
17.24
17.14
18.0
17.34
16.7
17.37
16.36
16.73
18.11
17.41
17.28
18.76
17.21
16.45
17.86
19.37
19.83
20.12
19.53
17.54
18.68
18.75
18.88
18.47
18.6
19.06
19.58
19.3
19.05
18.77
18.7
19.16
19.81
17.49
17.7
18.21
16.59
17.94
17.77
18.53
19.43
19.27
18.48
17.16
17.39
19.37
19.15
18.18
19.52
19.58
17.88
18.16
18.99
19.44
18.67
18.17
17.46
18.03
19.94
16.63
18.83
18.58
19.2
19.29
17.96
19.07
19.13
18.04
16.88
19.75
18.96
19.76
18.87
17.94
17.82
19.6
19.26
19.44
19.29
19.04
20.26
18.42
17.21
18.36
18.95
18.2
17.93
18.71
18.74
18.78
19.47
18.92
17.64
17.78
18.5
19.22
20.21
18.3
18.22
17.83
18.67
16.91
16.65
17.68
17.68
18.23
18.09
18.61
17.51
17.29
17.72
17.45
17.25
18.44
18.15
17.15
17.2
18.43
18.36
18.78
18.15
18.35
16.84
18.22
16.56
17.85
15.88
17.02
16.64
17.17
16.96
17.13
18.5
18.99
18.16
17.47
18.59
16.26
18.76
18.17
19.95
17.34
18.69
18.09
17.42
16.92
19.08
17.87
17.78
18.15
16.79
18.07
18.35
16.89
16.86
17.97
18.06
17.93
17.9
18.5
18.09
16.76
16.12
18.33
17.45
17.85
16.6
17.02
16.5
17.98
17.43
17.66
17.67
18.01
17.9
17.86
18.35
18.22
18.26
16.74
16.73
16.8
17.97
16.79
17.25
17.43
17.55
16.9
17.59
18.42
16.88
16.95
17.41
15.89
17.42
16.88
17.17
16.95
16.83
16.56
17.99
17.06
17.25
17.58
17.7
16.41
16.41
17.97
17.14
17.15
16.6
16.63
17.78
16.79
17.28
18.67
16.94
17.73
17.72
16.49
16.13
18.26
17.47
16.51
18.05
16.72
16.74
16.74
16.83
17.29
16.58
16.8
17.29
16.95
18.46
17.12
16.3
17.51
17.68
16.36
17.41
16.46
17.9
16.8
17.52
17.05
16.55
17.89
16.59
16.69
17.34
17.94
17.2
16.45
16.13
17.26
17.17
18.85
18.87
16.11
16.13
17.46
16.92
19.01
16.15
17.32
16.64
18.42
18.69
17.94
16.42
17.45
17.09
16.97
18.95
18.61
18.01
18.66
20.11
18.77
16.81
16.98
18.65
18.79
17.46
17.5
15.92
18.47
17.19
16.67
18.17
18.6
18.87
18.33
18.94
18.94
19.38
18.75
17.01
19.29
17.64
18.73
19.01
16.53
16.92
19.0
18.08
18.79
17.25
17.43
16.19
16.46
17.45
17.71
18.32
18.78
16.44
16.72
17.16
16.34
16.99
18.11
19.0
16.79
16.66
16.73
17.04
16.8
17.41
16.55
16.89
17.27
18.93
16.91
17.59
17.32
17.0
16.79
17.65
16.77
17.93
16.62
17.29
17.1
17.59
17.84
17.23
16.1
16.7
16.95
16.8
17.25
16.69
16.36
16.99
18.0
17.72
16.59
16.5
16.31
16.48
16.82
17.85
16.86
16.39
16.75
17.62
17.24
18.37
16.74
18.33
17.16
17.39
18.13
17.94
17.43
17.6
16.76
17.21
16.67
17.61
16.24
18.22
17.11
16.23
16.72
18.11
16.48
16.58
16.92
16.47
16.21
16.71
16.8
18.16
18.48
16.98
18.96
18.35
19.18
18.86
18.76
18.64
17.33
17.18
17.1
16.23
17.95
16.19
17.73
16.77
16.6
16.42
18.12
16.69
18.12
17.77
16.15
17.92
19.13
18.87
17.21
16.56
17.04
16.23
16.38
17.95
17.66
17.88
19.12
20.07
17.06
17.9
16.45
17.54
18.02
18.51
19.71
18.29
17.91
17.17
16.11
16.67
16.52
16.97
18.66
16.33
16.04
16.43
16.06
18.88
18.99
17.1
18.37
16.42
18.3
16.91
18.31
19.26
18.69
18.98
17.34
16.95
16.25
17.16
17.04
17.06
18.5
16.46
16.92
18.38
18.34
18.57
18.33
17.51
16.21
16.5
17.13
17.56
16.73
18.13
18.58
18.26
17.73
19.69
17.19
18.76
18.85
18.64
18.06
19.35
18.21
19.78
17.3
17.53
17.98
18.09
16.88
18.13
18.65
16.35
16.4
18.44
18.92
18.41
18.18
17.95
16.84
18.09
16.19
17.87
18.36
16.78
16.62
18.09
18.57
16.51
18.13
17.83
17.32
19.42
18.26
18.74
18.27
18.6
18.25
18.22
16.48
18.39
18.81
18.81
17.94
16.85
17.42
17.69
16.11
18.06
18.16
18.92
18.67
17.65
16.45
16.7
17.12
17.42
16.99
16.11
19.46
17.92
17.26
17.06
18.37
16.5
16.85
16.11
18.84
17.97
16.38
16.95
16.87
16.93
17.18
16.43
16.52
17.77
16.55
17.07
16.27
16.4
18.51
17.79
18.53
18.76
19.15
18.59
16.17
18.52
18.07
16.68
17.32
16.95
16.73
16.61
16.8
16.91
20.59
17.24
18.13
19.12
18.42
18.66
19.01
16.72
18.82
19.06
16.06
18.34
19.52
19.38
19.72
18.7
17.87
18.39
18.37
18.89
19.56
20.29
18.77
17.7
18.32
19.59
20.46
19.44
19.76
18.59
19.29
19.25
18.88
18.94
18.71
19.25
17.92
18.88
18.39
19.42
18.08
18.68
19.88
18.38
18.08
17.35
18.34
18.46
18.79
18.27
18.27
16.31
18.83
16.47
18.34
17.72
17.23
17.99
18.67
18.45
18.15
17.45
17.75
18.39
18.09
18.01
18.48
18.9
17.87
19.14
19.24
17.86
16.99
19.13
16.58
17.86
19.42
16.66
19.78
19.09
17.41
17.94
18.27
18.48
16.21
18.96
18.85
16.65
18.47
18.43
18.61
18.05
19.3
18.8
18.67
18.79
18.74
17.65
18.19
18.23
18.34
16.85
16.78
18.47
19.75
17.98
17.9
17.71
18.22
17.92
17.96
18.03
18.71
17.81
16.88
17.76
16.7
17.92
16.81
16.49
16.92
16.98
17.75
18.19
18.63
17.17
17.55
17.81
17.13
17.13
17.0
16.73
18.58
18.99
17.57
18.07
18.31
17.08
18.44
16.55
16.56
18.68
17.2
18.45
17.64
16.63
16.64
18.23
19.37
17.41
16.6
16.4
17.47
18.36
16.7
16.5
17.87
17.86
17.67
16.97
17.93
17.65
17.29
18.39
17.32
17.28
16.89
16.8
18.64
17.43
17.54
17.31
16.92
16.77
17.54
18.53
18.9
18.24
18.25
18.37
17.85
17.21
18.09
17.16
17.48
18.26
16.98
17.28
17.89
17.15
16.55
17.84
17.56
18.11
16.95
17.45
18.29
17.57
17.44
17.52
17.82
16.57
16.83
18.17
18.37
16.19
17.03
16.38
17.44
17.02
16.21
17.57
17.17
17.67
18.59
17.84
17.07
18.12
17.71
16.63
18.32
18.08
18.24
17.13
17.62
16.65
18.12
16.68
18.24
17.19
18.5
16.61
16.68
17.56
17.55
16.46
18.07
17.3
16.74
18.05
18.36
18.33
16.84
17.99
17.98
16.91
18.26
16.9
17.65
18.0
16.94
16.91
17.25
17.26
16.58
17.59
17.4
16.02
17.68
18.81
17.85
18.69
16.51
17.6
18.23
16.43
16.56
17.96
17.66
17.25
18.58
16.25
18.27
18.35
16.88
17.86
18.08
17.67
16.62
17.75
16.65
17.69
17.65
18.05
16.91
17.86
18.32
17.22
18.0
16.54
17.79
17.93
17.79
17.95
18.08
18.2
18.43
17.77
18.12
16.84
18.46
17.78
16.69
17.51
18.28
17.72
17.09
16.9
17.36
16.85
18.0
17.97
17.72
17.32
16.22
17.04
17.12
17.52
16.55
18.47
16.64
18.37
16.71
17.57
17.22
16.17
18.5
16.54
16.35
16.43
17.19
16.19
16.59
17.73
18.37
18.21
16.56
18.24
18.05
18.13
16.96
17.4
17.3
16.96
18.63
17.22
16.86
16.43
18.13
18.35
16.89
16.8
16.63
16.19
17.21
17.88
17.97
15.93
16.77
18.12
17.25
18.12
18.16
17.0
17.43
16.42
16.25
17.72
17.78
18.35
17.83
18.94
17.59
17.58
17.21
16.81
17.82
16.52
17.55
18.32
17.9
16.42
18.19
16.64
19.07
17.88
18.09
16.53
17.66
17.8
18.22
17.92
16.81
16.42
16.62
16.77
17.19
16.42
16.27
16.29
17.08
15.87
16.99
17.81
16.9
16.62
16.46
18.11
18.34
17.87
18.69
18.91
16.2
16.91
16.08
17.17
17.21
17.27
16.69
17.13
16.74
18.16
16.61
16.41
18.44
17.1
16.62
17.5
18.35
16.68
16.35
17.43
19.25
16.56
18.28
19.37
17.95
17.31
16.99
16.49
18.79
18.91
18.23
15.78
16.39
16.35
16.27
17.27
18.12
18.47
16.83
18.27
17.98
16.79
17.95
18.07
18.85
17.53
16.83
16.94
16.18
16.65
16.85
17.94
18.22
17.47
18.12
16.78
18.18
18.9
17.27
17.88
16.94
18.46
19.01
17.27
17.74
18.31
18.19
18.02
18.38
17.01
17.69
18.29
17.39
17.98
16.26
17.02
17.93
17.83
18.29
16.51
18.64
17.75
19.2
18.54
16.73
16.97
16.99
17.68
18.16
19.6
17.47
16.47
16.68
18.13
17.05
17.84
16.83
17.45
17.89
17.5
17.38
17.93
18.06
17.27
16.99
17.81
18.12
18.79
18.31
17.82
18.14
18.0
18.26
18.09
17.99
17.99
18.37
16.49
17.45
18.42
17.4
17.68
17.17
17.5
17.4
16.3
18.57
18.31
17.61
18.3
17.2
16.61
17.4
18.06
17.56
19.04
16.28
17.09
17.63
16.8
18.05
17.04
17.41
18.26
16.85
18.17
16.72
16.79
16.62
17.61
16.16
17.88
18.73
17.47
16.3
16.48
16.72
16.41
17.49
15.74
17.46
15.79
16.45
17.94
16.44
16.97
16.73
16.12
16.42
16.37
16.95
15.98
15.78
16.99
18.01
17.25
16.96
16.2
16.36
16.36
17.04
17.63
16.98
16.72
17.81
17.02
16.64
17.53
16.89
17.9
16.44
16.88
16.62
16.36
17.43
16.62
17.17
16.48
17.15
16.76
16.96
17.74
16.1
16.61
18.08
16.48
17.7
16.59
16.79
16.49
15.98
16.94
16.39
17.12
17.57
18.42
16.57
16.5
17.52
16.55
16.9
16.42
16.69
16.98
16.16
17.51
16.29
16.14
16.64
17.63
18.16
18.53
16.07
16.42
16.08
16.44
15.92
16.37
16.85
16.57
16.83
16.84
15.89
16.91
17.65
17.72
16.79
17.34
18.21
16.41
16.38
16.52
17.63
16.46
16.62
16.73
16.8
16.62
17.69
17.43
16.42
17.73
18.54
16.35
18.22
17.11
16.66
17.1
16.68
17.52
18.02
17.92
16.59
15.67
16.38
16.31
18.02
16.11
17.41
18.38
17.09
16.71
16.64
17.56
17.09
16.7
17.02
16.21
18.13
16.16
17.68
16.62
16.2
18.04
16.64
16.9
16.57
17.83
16.51
16.08
16.04
19.55
18.11
17.2
17.21
18.71
17.15
17.56
17.03
16.79
17.31
16.79
16.42
16.48
17.99
16.33
19.12
16.89
17.44
17.0
16.71
16.67
16.52
16.78
17.09
17.53
16.5
18.83
16.72
16.3
18.7
16.49
16.33
16.31
16.54
17.44
16.4
16.86
16.63
16.81
17.85
16.29
16.95
17.64
18.61
18.16
19.26
16.46
17.19
16.09
16.7
16.99
18.73
17.43
16.53
16.94
17.31
17.54
17.23
16.91
16.32
17.68
18.8
18.16
17.55
17.11
16.66
18.23
16.33
17.03
18.41
17.15
16.8
17.45
16.78
17.03
17.47
18.47
16.48
18.31
17.08
17.52
16.69
17.31
17.04
17.81
16.87
16.08
18.36
17.21
17.66
16.08
17.64
17.5
16.16
17.03
16.82
16.59
17.13
17.73
16.19
17.23
16.86
16.28
17.43
16.7
17.47
18.21
16.34
19.18
16.63
16.61
16.62
17.67
16.81
16.64
16.89
16.85
16.86
17.67
17.48
16.49
15.83
17.15
16.78
16.95
16.52
15.8
16.73
16.89
16.25
17.33
16.54
17.25
17.08
17.6
17.35
17.13
18.06
17.41
16.25
16.42
16.94
16.74
16.33
15.78
16.85
17.97
17.02
16.98
16.97
16.44
17.44
16.71
16.43
17.04
16.62
17.25
16.91
17.4
16.61
17.36
16.66
17.36
17.05
16.62
16.01
17.63
18.03
17.87
16.55
16.17
17.14
17.01
17.4
16.82
17.08
17.19
17.96
16.36
16.42
16.67
17.06
16.51
18.0
17.15
17.7
16.97
16.22
17.06
17.15
17.46
17.72
16.8
16.84
16.46
17.85
16.99
16.63
16.59
17.49
17.25
16.83
16.88
16.41
18.14
17.4
17.71
16.73
16.37
17.52
16.34
17.23
17.71
16.85
16.35
17.15
16.24
17.03
16.79
17.38
16.28
16.94
16.72
16.85
18.36
18.0
17.6
17.53
16.65
17.68
17.5
17.88
16.65
16.84
16.84
17.31
17.02
17.29
16.76
17.91
16.74
17.44
16.69
16.77
16.84
17.57
17.26
17.05
16.98
16.66
16.9
16.91
16.95
17.89
17.39
16.32
16.94
17.6
16.07
16.88
16.25
16.5
17.56
18.24
16.86
17.06
17.16
16.38
18.1
16.71
17.35
17.14
17.49
16.96
17.54
17.43
16.11
17.9
16.42
16.47
16.72
16.79
16.99
17.01
17.25
16.23
16.26
17.42
17.08
17.05
16.67
16.4
16.36
16.72
16.22
16.79
17.17
16.2
16.16
17.04
17.3
16.05
16.86
16.91
16.32
17.85
16.77
16.74
17.91
16.59
16.5
17.34
17.22
19.65
18.78
19.84
18.17
18.81
16.63
18.13
17.79
19.52
18.84
18.35
17.36
16.45
17.57
17.62
17.54
17.27
16.78
16.51
16.15
16.67
16.02
16.64
17.53
17.01
17.16
16.91
16.91
17.18
17.2
17.24
17.32
17.47
16.73
17.46
17.9
17.57
17.56
17.49
17.6
17.6
18.48
17.1
17.13
16.49
16.89
16.6
17.14
18.02
17.63
16.68
17.4
17.0
17.42
16.63
17.52
16.31
16.73
16.28
16.26
17.41
16.28
17.77
17.84
16.81
16.52
17.43
16.34
18.56
16.48
16.92
17.32
17.38
17.05
17.92
17.14
17.19
16.57
16.98
17.54
17.06
16.49
16.53
16.08
16.04
17.42
17.78
16.69
17.54
16.89
15.81
16.51
16.08
16.79
16.77
16.26
16.05
16.8
17.32
16.56
17.09
16.98
17.75
17.19
17.0
16.42
16.13
16.32
17.34
17.28
17.0
18.07
17.36
16.93
17.05
16.99
17.61
16.97
18.21
16.23
16.54
16.72
17.45
16.42
16.58
17.18
17.06
16.75
17.31
17.24
16.04
17.07
16.83
16.9
17.42
17.34
17.39
16.91
17.99
16.94
17.01
16.57
17.93
17.15
16.65
15.88
16.57
16.71
16.29
17.15
16.49
16.51
17.32
16.63
17.83
16.5
16.26
15.98
15.95
16.64
17.46
15.92
17.21
16.65
16.23
16.85
17.99
18.34
17.0
18.19
16.75
17.64
16.72
16.7
15.97
16.37
17.75
17.7
16.84
16.55
18.45
18.05
17.79
16.67
17.43
16.52
17.86
17.24
17.98
17.8
17.54
16.77
16.49
17.42
16.79
16.56
16.33
17.26
15.72
16.49
18.41
16.77
17.09
16.53
16.7
16.56
16.67
16.52
18.8
16.5
18.27
19.46
18.57
16.78
16.62
20.05
16.42
17.96
18.12
19.11
18.35
16.15
15.99
17.11
16.27
16.73
18.11
18.17
17.44
19.13
17.79
16.57
17.89
18.16
19.11
16.18
17.78
16.19
16.63
18.24
18.43
19.01
18.09
17.77
16.77
17.89
16.97
16.38
16.92
16.82
16.47
16.32
18.27
17.87
17.08
18.41
17.79
17.7
18.53
16.51
17.48
16.85
17.41
16.44
17.06
16.88
17.9
16.5
18.23
17.8
18.25
16.2
17.59
16.51
17.53
17.74
17.33
16.35
18.51
17.6
17.76
17.98
19.04
17.56
16.96
16.72
16.2
16.21
18.14
17.9
17.11
18.11
16.42
16.12
16.62
17.12
18.78
17.11
17.66
19.04
18.15
18.17
20.18
18.57
17.81
16.98
16.86
17.09
17.32
16.95
17.27
16.68
16.84
15.7
18.01
19.46
18.93
17.32
16.89
17.9
17.15
16.54
16.63
17.07
16.07
17.81
18.12
16.92
18.23
19.79
19.68
18.93
20.42
19.35
18.7
18.86
17.38
19.18
18.26
18.99
18.49
19.2
18.04
17.41
19.81
19.23
20.34
18.07
17.0
17.15
17.69
20.39
20.67
21.28
20.62
19.0
21.12
21.63
20.1
18.26
20.49
19.88
20.72
20.63
21.01
20.79
20.62
20.68
19.96
17.16
17.08
17.04
18.96
18.95
17.44
17.19
18.84
18.35
19.39
18.98
18.47
18.4
17.68
17.66
18.31
18.31
19.44
19.14
20.0
19.39
20.37
20.0
16.68
20.02
16.22
16.56
16.32
16.6
18.52
16.21
18.13
17.21
18.32
18.89
18.85
19.35
19.77
18.61
18.92
20.13
20.75
21.81
19.66
17.84
19.11
18.7
19.48
18.99
19.49
18.91
19.15
19.8
19.47
19.56
19.54
19.66
19.6
19.53
19.23
19.09
19.69
18.74
17.32
18.93
19.06
18.86
19.13
20.44
19.18
18.71
19.25
18.92
19.87
19.66
21.39
19.2
19.85
18.9
19.41
19.41
18.91
20.22
19.46
20.72
22.22
19.52
18.44
18.93
16.92
19.17
19.03
19.92
20.19
19.7
18.81
19.53
20.06
19.32
19.04
20.15
20.81
20.42
20.53
20.03
17.45
19.25
21.07
21.02
17.48
19.69
19.61
18.77
19.73
19.18
19.13
19.23
18.09
18.19
19.13
19.06
18.67
16.9
17.96
16.78
17.66
17.64
17.18
17.38
16.56
18.74
18.56
17.17
17.08
17.28
16.66
17.2
17.29
16.86
17.02
17.31
17.03
16.78
17.08
16.71
16.66
16.43
17.35
16.39
18.81
17.19
17.1
16.8
17.72
16.6
17.22
16.78
17.57
17.17
17.32
16.91
18.42
17.18
17.74
19.05
17.0
17.77
18.06
18.3
18.87
17.83
17.4
18.75
16.85
16.35
17.06
17.07
17.97
17.23
16.58
17.94
16.65
16.55
17.75
16.41
17.93
18.48
16.7
16.9
17.84
18.69
17.99
16.72
18.03
18.39
17.66
18.1
16.61
16.01
16.57
17.31
16.95
16.76
16.08
17.65
18.88
17.38
18.24
17.09
17.68
17.1
17.86
17.94
18.12
17.11
16.54
17.15
17.96
17.44
16.94
18.3
18.49
17.99
17.42
17.25
17.2
16.57
16.69
16.74
17.19
16.66
17.35
17.32
18.84
16.7
18.17
17.62
18.16
17.7
18.72
17.45
16.97
18.34
17.68
17.49
17.25
17.52
18.28
17.09
17.68
16.8
16.48
16.95
17.25
17.88
17.24
18.25
18.48
17.29
17.82
19.08
18.82
17.05
17.98
19.08
18.48
19.13
18.67
17.92
18.97
18.64
17.53
17.16
18.53
18.31
18.32
18.44
18.38
18.88
17.27
17.11
17.59
16.94
17.08
16.69
16.18
19.32
16.96
16.94
16.88
17.27
17.42
18.21
16.58
17.91
17.15
16.61
17.15
17.24
18.15
16.98
19.38
18.35
17.3
18.65
16.92
16.84
17.14
17.07
18.46
18.77
18.77
17.23
17.95
18.52
16.67
16.89
16.97
17.68
17.27
16.1
18.01
16.51
18.55
17.69
17.75
16.6
16.64
17.38
17.22
17.57
17.02
17.02
16.62
18.95
17.79
17.04
18.28
16.73
16.61
18.74
17.2
17.51
16.56
17.49
16.16
16.67
16.74
18.12
16.63
17.43
18.58
16.51
18.85
16.44
17.26
17.02
17.14
17.2
17.86
17.24
19.08
17.38
17.25
17.51
19.18
18.8
18.93
17.75
16.67
17.19
17.39
16.63
18.55
17.56
18.06
17.45
17.12
18.65
16.28
18.52
18.7
16.64
17.13
19.4
18.46
18.39
16.82
17.49
16.67
17.27
17.46
17.91
18.67
17.56
18.26
17.14
18.27
16.77
17.0
18.02
18.41
17.03
17.11
16.79
18.34
17.08
17.3
18.17
17.67
18.37
16.89
17.68
16.47
16.55
17.4
16.97
17.08
17.54
17.02
17.43
17.29
17.5
17.92
17.27
16.78
16.3
18.89
17.84
18.26
17.16
18.33
16.86
16.5
17.03
17.18
17.6
18.11
16.45
17.86
17.99
17.08
18.04
18.53
18.49
17.58
17.46
16.65
18.21
16.11
16.75
17.23
18.07
16.46
16.92
16.17
16.52
17.55
16.41
16.63
16.6
17.05
16.6
17.55
18.46
17.28
17.68
17.23
16.79
16.51
17.58
18.25
18.2
18.08
17.24
16.51
16.92
17.88
17.17
18.08
17.7
17.07
17.95
16.88
16.6
17.56
17.77
18.19
17.71
18.34
18.6
16.85
16.49
16.41
16.68
17.27
17.37
16.71
18.29
18.97
18.7
18.47
18.63
17.95
18.03
16.93
17.04
16.83
17.22
17.87
16.24
16.87
16.79
17.2
18.65
17.57
18.42
17.27
17.45
16.17
18.03
17.4
16.56
18.74
16.8
18.31
17.96
17.21
17.93
16.94
16.34
16.98
16.78
16.68
18.57
16.97
16.87
16.48
17.63
17.07
18.36
16.86
17.49
17.79
18.24
16.65
16.33
16.75
18.48
17.89
18.07
18.38
18.75
18.41
19.02
19.37
16.19
16.37
18.01
16.95
17.07
17.86
16.48
16.45
17.43
16.09
17.11
16.69
16.86
16.83
16.8
16.82
18.43
18.4
18.22
16.54
16.18
17.91
18.08
17.69
17.14
17.03
16.92
17.01
16.62
16.57
20.34
18.62
20.41
18.04
17.96
18.03
17.2
18.07
17.8
16.28
16.82
16.85
16.55
16.37
17.43
17.07
18.13
18.91
17.43
16.93
17.54
17.55
17.09
17.49
16.15
16.78
18.08
16.17
16.98
17.21
16.65
17.13
17.72
16.79
18.67
17.74
18.27
18.4
17.29
18.15
18.27
16.24
18.02
18.85
20.04
18.32
19.66
18.26
17.13
18.25
18.55
17.98
18.34
17.52
16.6
16.8
17.04
16.96
17.91
16.72
17.5
17.67
16.7
17.39
16.57
16.71
16.85
17.61
18.22
17.5
18.65
16.79
18.09
16.39
18.33
17.86
17.57
18.51
18.83
18.1
17.8
18.31
16.59
17.97
18.78
17.65
17.82
18.33
18.77
17.95
17.78
18.89
19.03
18.54
19.37
18.77
17.2
18.32
18.47
18.08
18.55
19.32
18.0
19.09
18.72
19.0
17.93
17.92
17.84
17.69
18.69
18.17
19.12
18.56
18.53
18.33
18.62
18.13
18.45
18.14
17.23
18.56
19.97
18.11
18.85
17.67
16.55
18.71
17.51
17.61
18.12
16.81
16.66
17.19
18.8
20.12
20.19
18.31
17.7
17.39
18.32
16.36
17.67
17.51
17.85
18.07
18.29
17.36
17.45
18.16
18.7
18.59
18.52
18.08
18.49
16.86
16.29
18.59
16.58
16.85
18.97
19.19
18.22
17.78
18.53
18.03
17.91
17.96
19.02
18.37
16.34
17.67
16.41
16.28
16.95
17.4
17.36
16.75
18.61
18.69
16.99
17.33
17.13
17.12
18.47
16.89
18.4
17.91
16.46
17.34
17.23
18.5
17.51
15.88
17.13
18.16
18.75
18.36
17.13
16.64
16.44
17.87
16.31
17.54
17.96
16.19
19.03
16.66
18.33
17.88
18.25
17.66
18.21
18.38
17.72
18.71
16.36
16.67
17.16
17.42
18.49
17.36
16.91
16.01
16.63
16.36
17.17
16.38
16.57
19.04
16.26
16.47
16.92
17.28
17.13
17.08
17.63
17.38
18.77
16.58
18.61
17.29
18.05
17.42
16.99
18.55
18.45
16.85
17.05
15.95
17.52
17.53
16.86
17.72
18.72
16.06
17.3
16.19
18.2
16.49
17.74
16.52
15.92
17.97
18.16
16.16
18.29
17.12
18.03
17.37
18.67
16.15
17.29
16.92
18.9
17.03
16.79
16.51
17.18
16.54
17.61
18.53
18.51
16.29
17.87
16.41
16.94
17.0
17.6
18.32
18.01
16.39
18.58
18.55
17.68
17.46
15.85
17.78
17.02
17.17
20.37
18.79
18.47
21.11
18.49
18.78
19.93
18.49
19.05
19.88
19.1
18.05
18.24
18.12
18.84
18.32
17.53
16.79
16.58
18.07
19.19
18.7
16.61
17.08
17.93
18.13
18.63
16.63
17.22
18.81
17.18
20.45
18.48
17.32
17.24
17.2
16.72
16.58
17.71
18.85
17.38
17.19
16.92
17.65
17.6
17.0
17.03
16.8
16.83
17.66
16.89
16.63
17.16
17.14
17.8
16.81
18.09
17.94
16.76
16.73
16.18
16.87
16.35
16.9
17.7
17.45
17.18
17.93
18.09
16.99
16.75
16.55
18.09
16.99
16.44
19.01
16.77
18.37
16.47
16.25
17.32
17.1
16.91
16.73
16.57
17.88
16.38
16.79
16.55
17.24
18.47
17.27
16.97
16.09
16.6
16.18
16.52
16.25
17.55
16.58
16.42
16.49
16.55
17.06
16.89
17.82
16.9
18.64
18.88
17.77
17.34
16.7
17.18
16.8
18.54
16.29
16.59
17.14
17.01
16.52
16.16
18.44
18.45
17.62
17.84
18.27
18.16
18.75
17.03
17.8
17.36
18.15
17.8
18.44
18.12
17.09
18.2
17.83
16.29
18.49
16.7
17.43
17.94
18.24
16.47
16.92
17.67
17.31
16.53
17.79
17.9
18.6
16.16
16.35
18.84
17.05
16.82
18.64
17.54
16.77
16.83
17.3
16.83
17.23
17.68
17.15
17.57
18.03
17.14
16.94
17.08
17.0
17.13
17.55
17.14
17.19
18.89
17.6
17.27
17.28
16.69
16.94
17.53
17.41
16.84
18.26
17.81
16.74
17.96
17.91
18.77
17.91
17.99
18.08
17.61
17.12
18.13
17.79
17.46
18.5
17.91
18.64
17.92
18.5
18.46
18.76
18.8
18.24
18.67
16.62
18.74
17.63
17.17
18.22
18.78
18.97
17.9
18.25
18.36
17.8
16.92
17.38
18.02
17.68
17.94
18.15
16.52
16.85
17.81
18.57
18.02
17.71
17.73
18.3
17.59
16.69
17.1
17.08
16.48
17.62
18.45
17.44
18.27
17.14
18.29
18.66
16.74
18.46
18.2
18.15
17.11
18.85
18.44
19.62
18.08
16.83
18.18
18.15
19.6
18.04
18.06
18.71
18.27
17.54
18.55
18.58
18.6
17.13
17.91
17.87
17.81
18.01
18.72
16.94
18.44
18.66
16.19
17.43
16.61
16.53
17.14
